1305031452.7895 1.2223 0.9157 1.5433 -0.8475 -0.3710 0.2026 0.3211
1305031452.8195 1.2416 0.9213 1.5374 -0.8487 -0.3750 0.2001 0.3148
1305031452.8595 1.2550 0.9485 1.5439 -0.8507 -0.3803 0.1985 0.3038
1305031452.8895 1.2742 0.9582 1.5459 -0.8472 -0.3832 0.1974 0.3105
1305031452.9295 1.2962 0.9551 1.5344 -0.8424 -0.3886 0.1977 0.3166
1305031452.9595 1.3084 0.9662 1.5259 -0.8399 -0.3982 0.1969 0.3117
1305031452.9895 1.3191 0.9884 1.5300 -0.8367 -0.4064 0.1971 0.3097
1305031453.0195 1.3363 0.9863 1.5244 -0.8309 -0.4097 0.1987 0.3197
1305031453.0595 1.3540 0.9907 1.5145 -0.8277 -0.4142 0.2033 0.3193
1305031453.0894 1.3565 0.9993 1.5132 -0.8282 -0.4152 0.2068 0.3146
1305031453.1195 1.3650 0.9972 1.5038 -0.8231 -0.4170 0.2173 0.3185
1305031453.1606 1.3781 1.0049 1.4984 -0.8174 -0.4232 0.2315 0.3149
1305031453.1895 1.3906 1.0174 1.4911 -0.8128 -0.4270 0.2439 0.3124
1305031453.2195 1.4044 1.0274 1.4858 -0.8087 -0.4309 0.2506 0.3124
1305031453.2595 1.4140 1.0345 1.4812 -0.8052 -0.4349 0.2545 0.3125
1305031453.2895 1.4257 1.0415 1.4732 -0.8019 -0.4375 0.2586 0.3142
1305031453.3195 1.4335 1.0473 1.4654 -0.7993 -0.4419 0.2585 0.3147
1305031453.3595 1.4412 1.0562 1.4684 -0.7943 -0.4519 0.2576 0.3139
1305031453.3894 1.4510 1.0627 1.4665 -0.7889 -0.4590 0.2593 0.3160
1305031453.4195 1.4585 1.0662 1.4624 -0.7847 -0.4632 0.2623 0.3176
1305031453.4595 1.4651 1.0718 1.4578 -0.7796 -0.4689 0.2678 0.3173
1305031453.4895 1.4742 1.0801 1.4584 -0.7752 -0.4740 0.2724 0.3165
1305031453.5195 1.4812 1.0842 1.4571 -0.7701 -0.4796 0.2758 0.3176
1305031453.5595 1.4914 1.0887 1.4515 -0.7645 -0.4845 0.2810 0.3190
1305031453.5899 1.5032 1.0889 1.4442 -0.7614 -0.4871 0.2860 0.3180
1305031453.6295 1.5098 1.0986 1.4487 -0.7602 -0.4942 0.2889 0.3074
1305031453.6595 1.5184 1.1090 1.4539 -0.7574 -0.5000 0.2922 0.3016
1305031453.6895 1.5286 1.1128 1.4503 -0.7536 -0.5025 0.2982 0.3011
1305031453.7295 1.5406 1.1184 1.4405 -0.7486 -0.5082 0.3044 0.2976
1305031453.7595 1.5490 1.1341 1.4380 -0.7451 -0.5164 0.3063 0.2904
1305031453.7895 1.5553 1.1460 1.4410 -0.7437 -0.5193 0.3070 0.2882
1305031453.8295 1.5637 1.1499 1.4518 -0.7458 -0.5184 0.3056 0.2858
1305031453.8595 1.5632 1.1586 1.4627 -0.7466 -0.5186 0.3074 0.2813
1305031453.8894 1.5687 1.1717 1.4686 -0.7446 -0.5164 0.3159 0.2813
1305031453.9295 1.5772 1.1748 1.4629 -0.7405 -0.5167 0.3208 0.2859
1305031453.9597 1.5766 1.1916 1.4658 -0.7359 -0.5219 0.3230 0.2860
1305031453.9895 1.5764 1.2037 1.4625 -0.7314 -0.5229 0.3276 0.2904
1305031454.0295 1.5783 1.2083 1.4601 -0.7277 -0.5240 0.3304 0.2946
1305031454.0594 1.5719 1.2248 1.4634 -0.7245 -0.5268 0.3332 0.2942
1305031454.0894 1.5671 1.2369 1.4626 -0.7219 -0.5243 0.3406 0.2966
1305031454.1295 1.5676 1.2461 1.4569 -0.7164 -0.5241 0.3505 0.2986
1305031454.1595 1.5614 1.2613 1.4537 -0.7104 -0.5284 0.3582 0.2964
1305031454.1895 1.5558 1.2819 1.4519 -0.7044 -0.5304 0.3672 0.2960
1305031454.2295 1.5590 1.2923 1.4332 -0.6978 -0.5303 0.3752 0.3019
1305031454.2595 1.5497 1.3119 1.4316 -0.6955 -0.5358 0.3754 0.2971
1305031454.2895 1.5401 1.3257 1.4358 -0.6921 -0.5386 0.3771 0.2978
1305031454.3295 1.5375 1.3375 1.4254 0.6873 0.5393 -0.3834 -0.2995
1305031454.3595 1.5284 1.3560 1.4246 0.6858 0.5425 -0.3856 -0.2944
1305031454.3896 1.5200 1.3727 1.4238 0.6820 0.5463 -0.3878 -0.2934
1305031454.4295 1.5132 1.3936 1.4197 0.6781 0.5510 -0.3900 -0.2906
1305031454.4595 1.5027 1.4132 1.4203 0.6781 0.5533 -0.3896 -0.2869
1305031454.4895 1.4939 1.4332 1.4210 0.6791 0.5533 -0.3898 -0.2842
1305031454.5295 1.4816 1.4523 1.4285 0.6812 0.5555 -0.3863 -0.2796
1305031454.5595 1.4679 1.4717 1.4355 0.6827 0.5554 -0.3848 -0.2781
1305031454.5895 1.4619 1.4847 1.4352 0.6850 0.5506 -0.3861 -0.2804
1305031454.6295 1.4570 1.4945 1.4340 0.6862 0.5504 -0.3848 -0.2794
1305031454.6595 1.4414 1.5093 1.4423 0.6878 0.5538 -0.3814 -0.2733
1305031454.6895 1.4315 1.5240 1.4470 0.6892 0.5532 -0.3824 -0.2698
1305031454.7295 1.4243 1.5349 1.4461 0.6902 0.5534 -0.3814 -0.2682
1305031454.7595 1.4101 1.5458 1.4580 0.6893 0.5586 -0.3761 -0.2672
1305031454.7896 1.3976 1.5551 1.4736 0.6829 0.5660 -0.3731 -0.2721
1305031454.8295 1.3914 1.5608 1.4802 0.6793 0.5700 -0.3724 -0.2738
1305031454.8595 1.3801 1.5660 1.4873 0.6807 0.5732 -0.3694 -0.2675
1305031454.8895 1.3599 1.5710 1.5069 0.6814 0.5776 -0.3660 -0.2610
1305031454.9295 1.3462 1.5777 1.5176 0.6758 0.5818 -0.3705 -0.2599
1305031454.9606 1.3389 1.5843 1.5203 0.6707 0.5826 -0.3782 -0.2601
1305031454.9894 1.3286 1.5895 1.5258 0.6685 0.5839 -0.3818 -0.2578
1305031455.0295 1.3117 1.5981 1.5367 0.6644 0.5886 -0.3823 -0.2567
1305031455.0595 1.3004 1.5999 1.5452 0.6578 0.5927 -0.3831 -0.2631
1305031455.0895 1.3012 1.6039 1.5373 0.6528 0.5937 -0.3864 -0.2685
1305031455.1295 1.2925 1.6094 1.5403 0.6550 0.5953 -0.3808 -0.2676
1305031455.1596 1.2866 1.6115 1.5418 0.6607 0.5927 -0.3756 -0.2667
1305031455.1895 1.2835 1.6097 1.5416 0.6675 0.5900 -0.3692 -0.2647
1305031455.2295 1.2814 1.5988 1.5401 0.6707 0.5960 -0.3570 -0.2599
1305031455.2595 1.2702 1.5976 1.5412 0.6747 0.6056 -0.3427 -0.2461
1305031455.2894 1.2600 1.5940 1.5466 0.6756 0.6144 -0.3311 -0.2376
1305031455.3294 1.2536 1.6042 1.5421 0.6733 0.6242 -0.3253 -0.2265
1305031455.3596 1.2423 1.6126 1.5402 0.6729 0.6344 -0.3119 -0.2177
1305031455.3895 1.2333 1.6173 1.5357 0.6744 0.6405 -0.2989 -0.2136
1305031455.4294 1.2233 1.6220 1.5345 0.6775 0.6440 -0.2864 -0.2103
1305031455.4595 1.2122 1.6159 1.5338 0.6802 0.6459 -0.2755 -0.2104
1305031455.4902 1.2061 1.6175 1.5267 0.6798 0.6492 -0.2705 -0.2081
1305031455.5295 1.1987 1.6184 1.5194 0.6815 0.6507 -0.2636 -0.2066
1305031455.5594 1.1934 1.6151 1.5112 0.6832 0.6519 -0.2574 -0.2048
1305031455.5894 1.1865 1.6261 1.4988 0.6828 0.6562 -0.2519 -0.1996
1305031455.6294 1.1764 1.6321 1.4923 0.6843 0.6583 -0.2398 -0.2019
1305031455.6594 1.1718 1.6302 1.4828 0.6842 0.6606 -0.2273 -0.2092
1305031455.6895 1.1664 1.6267 1.4713 -0.6827 -0.6642 0.2158 0.2148
1305031455.7295 1.1600 1.6188 1.4616 -0.6827 -0.6657 0.2080 0.2181
1305031455.7594 1.1583 1.6116 1.4484 -0.6825 -0.6670 0.2053 0.2172
1305031455.7895 1.1548 1.6100 1.4354 -0.6831 -0.6692 0.2022 0.2113
1305031455.8295 1.1529 1.6045 1.4204 -0.6846 -0.6706 0.1980 0.2059
1305031455.8595 1.1467 1.6062 1.4062 -0.6872 -0.6726 0.1921 0.1962
1305031455.8894 1.1368 1.6055 1.3962 -0.6900 -0.6737 0.1842 0.1901
1305031455.9294 1.1338 1.6006 1.3814 -0.6922 -0.6738 0.1781 0.1876
1305031455.9595 1.1271 1.5983 1.3708 -0.6953 -0.6741 0.1700 0.1823
1305031455.9895 1.1240 1.5880 1.3612 -0.6978 -0.6748 0.1603 0.1793
1305031456.0295 1.1130 1.5811 1.3567 -0.7007 -0.6762 0.1520 0.1694
1305031456.0595 1.1066 1.5739 1.3533 -0.7026 -0.6775 0.1474 0.1601
1305031456.0904 1.0966 1.5682 1.3478 -0.7030 -0.6809 0.1422 0.1482
1305031456.1295 1.0873 1.5624 1.3398 -0.7046 -0.6824 0.1389 0.1366
1305031456.1594 1.0780 1.5597 1.3358 0.7057 0.6839 -0.1373 -0.1240
1305031456.1894 1.0701 1.5589 1.3325 0.7045 0.6869 -0.1383 -0.1127
1305031456.2294 1.0642 1.5576 1.3309 0.7027 0.6904 -0.1386 -0.1018
1305031456.2594 1.0611 1.5495 1.3245 0.7019 0.6924 -0.1398 -0.0918
1305031456.2894 1.0565 1.5415 1.3171 0.7007 0.6948 -0.1399 -0.0822
1305031456.3294 1.0556 1.5389 1.3178 0.6991 0.6971 -0.1407 -0.0738
1305031456.3595 1.0522 1.5310 1.3117 0.6998 0.6976 -0.1407 -0.0615
1305031456.3894 1.0514 1.5194 1.3055 0.7006 0.6974 -0.1419 -0.0511
1305031456.4295 1.0536 1.5130 1.3043 0.7005 0.6973 -0.1462 -0.0415
1305031456.4594 1.0542 1.5036 1.3017 0.7015 0.6965 -0.1478 -0.0306
1305031456.4894 1.0533 1.4950 1.2997 0.7022 0.6961 -0.1484 -0.0186
1305031456.5294 1.0522 1.4848 1.2986 0.7029 0.6958 -0.1478 -0.0058
1305031456.5595 1.0446 1.4774 1.2979 0.7041 0.6949 -0.1459 0.0110
1305031456.5894 1.0450 1.4615 1.3023 0.7052 0.6935 -0.1462 0.0224
1305031456.6294 1.0424 1.4542 1.3032 0.7053 0.6921 -0.1490 0.0360
1305031456.6595 1.0354 1.4468 1.3035 0.7022 0.6938 -0.1528 0.0478
1305031456.6895 1.0317 1.4482 1.3097 0.6981 0.6956 -0.1593 0.0575
1305031456.7294 1.0300 1.4398 1.3094 0.6969 0.6946 -0.1660 0.0651
1305031456.7594 1.0301 1.4302 1.3100 0.6952 0.6944 -0.1714 0.0712
1305031456.7895 1.0286 1.4238 1.3129 0.6936 0.6946 -0.1744 0.0781
1305031456.8294 1.0261 1.4223 1.3226 0.6931 0.6934 -0.1772 0.0858
1305031456.8595 1.0194 1.4158 1.3305 0.6934 0.6919 -0.1773 0.0948
1305031456.8894 1.0163 1.4096 1.3346 0.6940 0.6897 -0.1794 0.1020
1305031456.9294 1.0150 1.4012 1.3365 0.6943 0.6875 -0.1820 0.1100
1305031456.9594 1.0082 1.3944 1.3391 0.6939 0.6861 -0.1853 0.1164
1305031456.9894 1.0118 1.4001 1.3429 0.6945 0.6837 -0.1889 0.1205
1305031457.0295 1.0013 1.3953 1.3526 0.6968 0.6816 -0.1836 0.1269
1305031457.0594 0.9938 1.3859 1.3572 0.6999 0.6772 -0.1866 0.1291
1305031457.0894 0.9918 1.3821 1.3613 0.7021 0.6727 -0.1944 0.1297
1305031457.1295 0.9901 1.3725 1.3652 0.7044 0.6681 -0.2013 0.1300
1305031457.1594 0.9781 1.3676 1.3761 0.7069 0.6629 -0.2068 0.1343
1305031457.1894 0.9677 1.3648 1.3839 0.7090 0.6574 -0.2174 0.1335
1305031457.2295 0.9706 1.3737 1.3909 0.7099 0.6528 -0.2296 0.1313
1305031457.2594 0.9618 1.3740 1.4022 0.7122 0.6492 -0.2350 0.1270
1305031457.2895 0.9548 1.3685 1.4139 0.7160 0.6446 -0.2400 0.1196
1305031457.3294 0.9523 1.3598 1.4249 0.7202 0.6390 -0.2452 0.1133
1305031457.3594 0.9489 1.3553 1.4325 0.7243 0.6324 -0.2513 0.1106
1305031457.3894 0.9502 1.3529 1.4350 0.7279 0.6264 -0.2578 0.1068
1305031457.4294 0.9499 1.3478 1.4402 0.7320 0.6215 -0.2587 0.1044
1305031457.4594 0.9486 1.3403 1.4457 0.7354 0.6181 -0.2578 0.1031
1305031457.4894 0.9434 1.3362 1.4503 0.7375 0.6156 -0.2573 0.1046
1305031457.5294 0.9370 1.3350 1.4533 0.7406 0.6115 -0.2578 0.1055
1305031457.5595 0.9380 1.3371 1.4546 0.7436 0.6075 -0.2600 0.1024
1305031457.5894 0.9395 1.3343 1.4579 0.7471 0.6057 -0.2556 0.0980
1305031457.6294 0.9293 1.3301 1.4657 0.7526 0.6020 -0.2489 0.0963
1305031457.6594 0.9299 1.3238 1.4745 0.7576 0.5960 -0.2499 0.0919
1305031457.6896 0.9332 1.3201 1.4799 0.7598 0.5919 -0.2527 0.0917
1305031457.7294 0.9309 1.3188 1.4837 0.7620 0.5886 -0.2529 0.0944
1305031457.7595 0.9318 1.3175 1.4880 0.7642 0.5851 -0.2541 0.0953
1305031457.7894 0.9347 1.3180 1.4888 0.7652 0.5832 -0.2552 0.0956
1305031457.8294 0.9347 1.3184 1.4925 0.7675 0.5816 -0.2527 0.0945
1305031457.8594 0.9361 1.3183 1.4962 0.7695 0.5802 -0.2504 0.0924
1305031457.8894 0.9359 1.3186 1.5016 0.7728 0.5774 -0.2476 0.0898
1305031457.9295 0.9397 1.3155 1.5074 0.7768 0.5734 -0.2458 0.0860
1305031457.9594 0.9433 1.3133 1.5109 0.7798 0.5705 -0.2431 0.0853
1305031457.9894 0.9409 1.3160 1.5127 0.7844 0.5658 -0.2387 0.0875
1305031458.0294 0.9452 1.3139 1.5152 0.7904 0.5597 -0.2342 0.0843
1305031458.0594 0.9493 1.3070 1.5203 0.7950 0.5559 -0.2274 0.0847
1305031458.0894 0.9473 1.3077 1.5202 0.7989 0.5514 -0.2227 0.0901
1305031458.1294 0.9526 1.3023 1.5222 0.8029 0.5473 -0.2180 0.0910
1305031458.1594 0.9526 1.3010 1.5220 0.8055 0.5454 -0.2108 0.0959
1305031458.1894 0.9475 1.3050 1.5197 0.8077 0.5441 -0.2047 0.0981
1305031458.2294 0.9551 1.2948 1.5281 0.8110 0.5429 -0.1977 0.0915
1305031458.2594 0.9537 1.2908 1.5312 0.8129 0.5426 -0.1881 0.0972
1305031458.2894 0.9450 1.2934 1.5318 0.8148 0.5406 -0.1824 0.1029
1305031458.3294 0.9476 1.2866 1.5406 0.8183 0.5375 -0.1775 0.1002
1305031458.3602 0.9451 1.2813 1.5479 0.8199 0.5362 -0.1704 0.1060
1305031458.3894 0.9376 1.2887 1.5408 0.8204 0.5335 -0.1702 0.1156
1305031458.4294 0.9364 1.2894 1.5410 0.8232 0.5286 -0.1725 0.1148
1305031458.4594 0.9376 1.2867 1.5463 0.8248 0.5263 -0.1730 0.1128
1305031458.4894 0.9322 1.2909 1.5430 0.8256 0.5245 -0.1741 0.1139
1305031458.5294 0.9321 1.2917 1.5453 0.8279 0.5211 -0.1770 0.1078
1305031458.5594 0.9349 1.2887 1.5504 0.8298 0.5188 -0.1788 0.1017
1305031458.5894 0.9348 1.2876 1.5535 0.8304 0.5178 -0.1788 0.1017
1305031458.6294 0.9312 1.2897 1.5525 0.8310 0.5157 -0.1807 0.1046
1305031458.6607 0.9298 1.2898 1.5523 0.8309 0.5143 -0.1850 0.1041
1305031458.6894 0.9289 1.2899 1.5518 0.8307 0.5142 -0.1874 0.1021
1305031458.7294 0.9303 1.2903 1.5514 0.8308 0.5146 -0.1870 0.0998
1305031458.7596 0.9267 1.2929 1.5485 0.8319 0.5133 -0.1861 0.0992
1305031458.7895 0.9251 1.2961 1.5467 0.8334 0.5099 -0.1906 0.0953
1305031458.8294 0.9264 1.2957 1.5485 0.8348 0.5073 -0.1939 0.0908
1305031458.8594 0.9262 1.2971 1.5458 0.8356 0.5054 -0.1954 0.0906
1305031458.8894 0.9252 1.2996 1.5412 0.8362 0.5036 -0.1976 0.0899
1305031458.9294 0.9249 1.3020 1.5380 0.8370 0.5015 -0.2004 0.0883
1305031458.9594 0.9244 1.3033 1.5351 0.8371 0.5006 -0.2034 0.0852
1305031458.9894 0.9257 1.3039 1.5315 0.8367 0.5009 -0.2057 0.0812
1305031459.0295 0.9247 1.3043 1.5285 0.8365 0.5017 -0.2066 0.0773
1305031459.0594 0.9245 1.3036 1.5262 0.8369 0.5011 -0.2077 0.0728
1305031459.0894 0.9236 1.3026 1.5259 0.8379 0.4994 -0.2086 0.0703
1305031459.1294 0.9232 1.3016 1.5257 0.8388 0.4975 -0.2096 0.0703
1305031459.1594 0.9231 1.3021 1.5218 0.8391 0.4963 -0.2113 0.0707
1305031459.1894 0.9231 1.3005 1.5215 0.8400 0.4951 -0.2110 0.0692
1305031459.2294 0.9222 1.3002 1.5203 0.8403 0.4943 -0.2113 0.0703
1305031459.2594 0.9218 1.2996 1.5194 0.8400 0.4943 -0.2122 0.0710
1305031459.2894 0.9217 1.3007 1.5168 0.8391 0.4954 -0.2131 0.0715
1305031459.3294 0.9223 1.3005 1.5161 0.8383 0.4970 -0.2131 0.0695
1305031459.3594 0.9204 1.3002 1.5158 0.8381 0.4980 -0.2117 0.0689
1305031459.3894 0.9187 1.2998 1.5158 0.8380 0.4980 -0.2124 0.0684
1305031459.4294 0.9186 1.3013 1.5162 0.8377 0.4979 -0.2137 0.0680
