x y z roll pitch yaw
0.000000 0.000000 -0.000000 0.000000 0.000000 -0.000000
0.611484 -0.146875 0.780519 0.315162 2.181656 0.212088
0.836469 -0.176690 1.754216 0.779559 4.523725 0.453627
1.815231 -0.079644 1.942826 -0.020312 1.991007 1.484832
2.171104 -0.411920 2.809070 -0.160392 4.514182 1.430144
2.357656 -0.463897 3.788671 0.428983 7.011537 1.519460
3.202461 -0.469997 4.309360 0.430104 8.781713 1.799943
2.953355 -0.481697 5.268698 0.735230 11.812657 2.142071
3.374221 -0.764163 6.116410 0.975802 14.324306 2.000518
4.071517 -0.696544 6.812146 1.035495 16.671910 2.077831
4.577137 -0.893576 7.634024 1.166728 18.915510 1.917297
4.938667 -1.096071 8.523954 1.216630 21.533796 1.790700
5.333751 -1.141491 9.419325 1.294809 24.243581 1.809329
5.787792 -1.146273 10.283426 1.621012 26.710518 1.907686
6.312611 -1.216240 11.101654 1.827409 29.355493 1.841571
6.872649 -1.240131 11.889438 1.904356 31.981641 1.883594
7.338056 -1.316105 12.735324 2.371871 35.075244 1.847481
7.937657 -1.342207 13.491091 2.435309 37.592384 1.738990
8.605185 -1.376404 14.181092 2.809950 39.920939 1.746427
9.226236 -1.377469 14.907922 2.772581 42.558990 1.945476
9.915184 -1.359282 15.565742 2.619443 45.220251 2.242144
10.637290 -1.363444 16.186081 2.593276 48.035179 2.500562
11.395556 -1.343011 16.762676 2.817159 50.657457 2.773049
12.152313 -1.439681 17.332988 3.174037 53.229194 2.568049
12.953646 -1.449534 17.862582 3.788009 55.479613 2.355194
13.596459 -1.574053 18.569634 4.508265 58.197754 1.894515
13.896383 -1.599981 19.486593 4.278719 61.122321 1.941893
14.763751 -1.699094 19.925342 4.673406 63.296751 1.285090
15.655358 -1.674995 20.348448 5.033903 65.467263 0.847299
15.448517 -1.838651 21.305783 9.343095 73.423950 -2.862028
16.405117 -1.845774 21.571279 10.147315 75.377473 -3.823073
16.731039 -1.731976 22.510434 11.035725 78.494157 -5.063085
17.712019 -1.824777 22.756108 14.260128 80.647636 -8.201496
18.710918 -1.821518 22.994902 18.001982 82.468540 -12.114310
19.743234 -1.773494 23.105622 22.790989 84.135700 -17.010517
20.792742 -1.690537 23.104640 30.956171 85.642368 -25.152364
21.831593 -1.710354 23.334857 49.409916 87.088076 -43.453204
22.907392 -1.646627 23.320183 77.009963 87.794880 -70.938276
22.916840 -1.530913 22.234010 77.009963 87.794880 -70.938276
24.016801 -1.493490 22.320951 119.876722 87.538138 -113.843432
25.124338 -1.432970 22.195940 131.358020 87.061815 -124.867865
26.226158 -1.470763 21.950512 142.647056 86.380947 -136.047835
26.781264 -0.486599 22.061617 -171.418175 86.314767 179.035059
27.781032 -0.847438 22.480898 -176.365289 85.070315 -175.860463
28.922898 -0.752726 22.388574 -173.802263 84.406946 -178.290227
30.080742 -0.672204 22.341629 -171.284961 83.561061 179.438408
31.253067 -0.675521 22.207208 -170.139712 82.831959 178.263376
32.410817 -0.903988 22.444117 -172.487294 81.452075 -178.936557
33.631171 -0.816107 22.339866 -170.376557 80.974177 179.064445
34.856108 -0.815524 22.081393 -170.646566 80.893790 179.588962
36.120827 -0.923446 22.087987 -170.916768 80.251731 179.840401
37.409728 -0.865537 21.977218 -170.100287 79.962615 178.846758
38.674923 -0.852115 21.615445 -169.989597 79.791769 178.994271
39.990859 -0.837376 21.355579 -170.219682 79.553601 179.225808
41.314441 -0.766248 21.029815 -170.265022 79.499212 179.079140
42.672949 -0.724873 20.768524 -170.506529 79.476412 179.213385
43.938566 -0.951247 21.334995 -171.615041 78.598505 -179.899482
45.321080 -0.870177 21.001087 -170.896476 78.730921 179.683703
46.767263 -0.937231 20.963363 -171.093042 78.492099 179.935344
48.170553 -0.977115 20.548047 -171.049815 78.565981 179.644811
49.625037 -1.050508 20.247990 -170.822286 78.593374 179.559086
51.108598 -1.056236 19.963391 -171.031280 78.620567 -179.998594
52.545873 -0.953979 19.448543 -169.799331 79.182844 179.033858
54.088059 -0.950015 19.275252 -169.361015 79.245245 178.986347
55.426639 -0.800186 18.470445 -165.567440 80.466307 175.266985
56.962003 -0.757580 18.028531 -164.227838 80.701326 174.096531
58.563372 -0.707880 17.824588 -162.516851 80.772528 172.390494
60.172083 -0.618248 17.546932 -161.880797 80.804214 171.844360
61.782614 -0.741340 17.207397 -162.049931 80.881553 172.826844
63.383154 -0.799041 16.771604 -160.114340 81.325317 171.113238
65.042774 -0.840158 16.533023 -159.487154 81.224393 170.798063
66.590307 -1.518228 16.593145 -164.253720 81.021066 175.156054
68.262145 -1.532399 16.258646 -164.529404 81.001687 175.586208
69.970829 -1.575234 16.019188 -165.859743 80.756416 176.581268
71.652173 -1.650416 15.584264 -165.219178 81.104014 176.491500
73.383208 -1.612049 15.295671 -164.191164 81.402558 175.451323
75.143411 -1.727296 15.459114 -165.051564 80.934746 176.148483
76.909570 -1.744763 15.225123 -165.051564 80.934746 176.148483
78.689485 -1.847453 15.005844 -164.650004 80.905408 175.978851
80.471294 -1.919911 14.691595 -164.141267 80.959741 175.705312
82.287046 -1.990548 14.458231 -165.915762 80.693472 177.092159
84.060241 -2.050122 13.958304 -165.621104 80.752102 177.140553
85.819300 -1.897206 13.372560 -165.119074 80.833366 176.340553
87.632827 -1.877194 12.909897 -164.730637 80.875956 176.177203
89.488146 -1.813782 12.551294 -163.727257 80.769390 175.368847
91.337917 -1.702360 12.115418 -162.634150 80.523137 174.168494
93.184508 -1.766978 11.611852 -163.384033 80.562516 175.220058
95.091265 -1.805228 11.346865 -165.001103 80.043564 176.672767
96.160993 -1.627198 9.749130 -160.446071 82.400037 171.691042
97.165886 -1.709990 8.085749 -157.761052 85.170727 168.554635
99.117911 -1.657300 8.026501 -155.957663 84.712100 166.649855
101.028655 -1.835426 7.590233 -156.906845 85.061483 167.549934
102.996198 -1.924254 7.393874 -157.960500 84.856244 168.596517
104.982802 -1.904928 7.281182 -157.941058 84.488832 168.859453
106.973385 -1.989377 7.093179 -159.921581 84.301002 171.237133
108.965142 -2.024278 6.831702 -160.240555 84.025019 171.868344
110.429028 -2.391960 5.494958 179.827505 88.109238 -167.483840
112.452206 -2.297331 5.439337 -166.883485 87.733790 179.115255
114.493066 -2.344230 5.469262 -170.984246 86.819881 -176.898260
116.537404 -2.359445 5.321367 -171.402727 86.554169 -176.383593
118.574551 -2.341018 5.055594 -172.168489 86.201926 -175.683246
120.489284 -1.756763 4.532995 -151.332500 86.555181 163.312996
122.538317 -1.837062 4.216818 -158.147692 86.371656 170.101618
122.699005 -1.588654 2.148654 -2.756470 82.481198 14.442724
124.766241 -1.681150 2.469327 -2.841525 82.722291 14.531277
126.865990 -1.698268 2.628541 -2.986042 83.326875 14.292585
128.914749 -1.884392 3.114593 -2.217728 83.358080 13.583594
131.033900 -1.901479 3.321691 -4.520236 83.561855 15.764055
133.136472 -1.957287 3.642809 -6.211474 84.012732 17.078442
135.265614 -2.071856 3.852082 -6.579474 84.370009 17.795434
137.411957 -2.115464 3.696757 -7.572116 84.491489 18.583972
139.551502 -2.160985 3.949954 -10.088024 84.842926 20.858307
141.707736 -2.274291 4.118875 -8.098422 85.304081 19.216317
143.831540 -2.334636 4.621272 -8.874377 85.765907 20.011451
145.993388 -2.507152 4.849538 -9.510769 86.014921 20.580075
148.177722 -2.689974 4.943916 -9.732109 86.166938 20.617486
150.361728 -2.877775 4.750085 -10.740940 86.428480 21.432187
152.546506 -3.080405 4.524089 -9.917965 86.196011 20.424674
154.715653 -3.270707 4.969355 -12.661190 86.654873 22.946386
156.940638 -3.343032 5.057590 -14.588260 86.839313 24.773153
159.170508 -3.513805 5.053942 -14.787709 86.966430 24.882856
161.393089 -3.537279 4.734990 -16.363711 86.873994 26.264797
163.645050 -3.602979 4.839960 -18.952284 87.134363 29.048857
165.891179 -3.818747 5.010032 -16.910213 87.689749 27.069253
168.157485 -3.881243 5.125284 -20.676087 88.060302 31.009040
170.432749 -3.934795 5.276505 -26.865820 88.562826 36.726860
172.716012 -3.958100 5.146438 -28.981884 88.525562 39.201688
173.412335 -4.458754 7.274482 -169.914763 85.989692 -179.681482
175.663386 -4.559909 6.787600 -168.603209 86.121338 179.399465
177.953138 -4.638640 6.456319 -168.802390 86.093546 -179.930919
178.997018 -3.801874 8.350751 -156.961816 81.984077 167.665123
181.267300 -3.927091 7.866510 -157.223455 82.083960 168.524522
183.598426 -3.957435 8.096416 -157.608536 81.339011 169.233001
185.926364 -4.037953 7.790870 -158.204079 81.113797 169.822973
188.255994 -4.348060 7.896778 -161.898971 80.188782 173.733078
190.385971 -4.692625 8.871094 -164.588246 78.448810 176.534715
192.639123 -4.826313 8.212156 -165.535161 78.030325 177.415848
195.003507 -4.763053 7.943178 -165.963276 77.402345 177.575300
197.318655 -4.797462 7.467188 -167.054730 76.917706 178.403497
199.694358 -4.685896 7.436132 -166.175243 76.428801 177.555448
202.047133 -4.735023 7.058488 -167.260417 75.748082 178.526131
203.830604 -4.911598 8.634178 -168.012217 71.303516 179.601255
205.931065 -5.106821 7.524974 -168.263227 71.522501 179.667594
208.307110 -5.232521 7.265323 -168.352059 70.883286 179.784199
210.403851 -5.357809 6.085802 -168.177520 71.048598 179.895442
212.636788 -5.370911 5.245441 -167.959994 70.760023 179.857456
214.757459 -5.423026 4.125874 -167.996492 71.116806 -179.787743
216.990267 -5.683032 4.974826 -168.377036 69.355980 -179.431464
219.245487 -6.299086 5.524106 -169.690343 67.948362 -178.051750
221.553794 -6.578205 4.903011 -170.606585 67.512899 -177.268526
223.264063 -6.628870 3.213425 -171.106818 67.771034 -177.326185
224.109256 -6.115571 1.022275 -170.380185 68.795027 -178.272168
226.490462 -6.339734 0.718430 -171.204064 67.889628 -177.508482
228.720009 -6.489247 1.615072 -171.746722 66.449485 -177.129288
231.094575 -6.582795 1.220822 -171.982927 65.695140 -176.803971
233.222564 -6.526629 0.099250 -172.410442 65.601391 -176.648354
235.128339 -6.162514 -1.319351 -171.892482 65.598146 -177.299089
237.321783 -6.135415 -2.303529 -171.782232 65.394498 -177.159229
239.092057 -5.955527 -3.916972 -171.715698 65.621308 -177.278931
241.298551 -5.962342 -4.875997 -171.759081 65.377314 -177.200145
243.048998 -6.719458 -3.422545 -173.818842 61.164803 -174.392010
243.989627 -6.614303 -5.635735 -174.500692 62.547761 -174.497479
245.963454 -6.487626 -7.015673 -174.291988 62.763780 -174.668035
248.145175 -6.495235 -8.046354 -173.960457 62.582684 -174.854374
250.330000 -6.542282 -9.080618 -174.142921 62.276000 -174.581281
252.620918 -6.856080 -9.776975 -174.768206 61.461324 -173.974160
255.001347 -6.741941 -10.291244 -174.265014 60.647511 -174.309848
257.249540 -6.765403 -11.175284 -174.720184 59.643262 -173.974032
259.609605 -7.252004 -11.548527 -175.352594 58.536561 -173.551923
261.428312 -6.632144 -13.073342 -174.627663 58.654782 -174.384330
263.053683 -6.368902 -14.893520 -174.101984 59.310861 -174.885031
265.220505 -6.377746 -16.092078 -174.786508 58.492296 -174.291660
267.482428 -6.445805 -17.106888 -175.511886 57.758777 -173.817738
268.575156 -6.390579 -19.361389 -176.254459 58.895121 -173.748422
270.709377 -6.279657 -20.639475 -176.839234 58.548574 -173.832270
272.592439 -6.037519 -22.281169 -176.662578 58.728028 -173.947819
274.865261 -5.892399 -23.385506 -176.636142 58.476657 -173.624718
276.935808 -5.848038 -24.851909 -176.968789 58.624241 -173.535547
278.951509 -5.542781 -26.388620 -176.630759 58.723860 -173.588621
281.409236 -6.077500 -26.852281 -177.646752 57.564621 -172.537688
283.208940 -6.173073 -28.694562 -178.499714 57.613483 -172.243173
284.810784 -6.195562 -30.711051 -179.502025 57.606451 -171.900842
287.317938 -6.716510 -31.120690 179.736463 56.294691 -171.089322
288.636762 -6.194830 -33.301272 179.831229 56.580818 -171.658746
287.350244 -5.420715 -35.441862 -179.368175 63.340510 -174.046458
289.308354 -5.205943 -37.182423 179.929502 63.312366 -173.898160
291.294477 -4.865168 -38.888424 179.582651 63.678690 -174.061369
292.448419 -4.491511 -41.245623 179.618528 65.282552 -174.393577
294.090078 -4.254013 -43.322724 -179.636108 66.255525 -174.959538
296.369775 -4.222408 -44.702143 -179.403286 66.158951 -175.084796
298.571676 -4.072860 -46.220667 -179.269579 66.181439 -175.102647
300.692965 -3.931310 -47.872692 -178.971831 66.469657 -175.271747
302.839073 -3.897303 -49.494211 -178.891327 66.870148 -174.871537
305.078109 -3.541312 -50.948467 -179.476772 66.971037 -175.415053
305.078109 -3.541312 -50.948467 -179.476772 66.971037 -175.415053
307.359284 -3.554299 -52.390962 179.793219 67.661817 -174.752031
309.561489 -3.703406 -53.949407 179.715439 68.155968 -173.807846
311.929636 -3.578601 -55.245614 179.757396 68.489755 -173.705724
314.035211 -3.330074 -56.925597 -179.643246 69.927245 -174.400265
316.424892 -3.409859 -58.189750 179.401268 70.422978 -173.362560
