x y z roll pitch yaw
0.000000 0.000000 -0.000000 0.000000 0.000000 -0.000000
0.611484 -0.146875 0.780519 0.315162 2.181656 0.212088
0.836469 -0.176690 1.754216 0.779559 4.523725 0.453627
1.815231 -0.079644 1.942826 -0.020312 1.991007 1.484832
2.171104 -0.411920 2.809070 -0.160392 4.514182 1.430144
2.357656 -0.463897 3.788671 0.428983 7.011537 1.519460
3.202461 -0.469997 4.309360 0.430104 8.781713 1.799943
2.953355 -0.481697 5.268698 0.735230 11.812657 2.142071
3.374221 -0.764163 6.116410 0.975802 14.324306 2.000518
4.071517 -0.696544 6.812146 1.035495 16.671910 2.077831
4.577137 -0.893576 7.634024 1.166728 18.915510 1.917297
4.938667 -1.096071 8.523954 1.216630 21.533796 1.790700
5.333751 -1.141491 9.419325 1.294809 24.243581 1.809329
5.787792 -1.146273 10.283426 1.621012 26.710518 1.907686
6.312611 -1.216240 11.101654 1.827409 29.355493 1.841571
6.872649 -1.240131 11.889438 1.904356 31.981641 1.883594
7.338056 -1.316105 12.735324 2.371871 35.075244 1.847481
7.937657 -1.342207 13.491091 2.435309 37.592384 1.738990
8.605185 -1.376404 14.181092 2.809950 39.920939 1.746427
9.226236 -1.377469 14.907922 2.772581 42.558990 1.945476
9.915184 -1.359282 15.565742 2.619443 45.220251 2.242144
10.637290 -1.363444 16.186081 2.593276 48.035179 2.500562
11.395556 -1.343011 16.762676 2.817159 50.657457 2.773049
12.152313 -1.439681 17.332988 3.174037 53.229194 2.568049
12.953646 -1.449534 17.862582 3.788009 55.479613 2.355194
13.596459 -1.574053 18.569634 4.508265 58.197754 1.894515
13.896383 -1.599981 19.486593 4.278719 61.122321 1.941893
14.763751 -1.699094 19.925342 4.673406 63.296751 1.285090
15.655358 -1.674995 20.348448 5.033903 65.467263 0.847299
15.448517 -1.838651 21.305783 9.343095 73.423950 -2.862028
16.405117 -1.845774 21.571279 10.147315 75.377473 -3.823073
16.731039 -1.731976 22.510434 11.035725 78.494157 -5.063085
17.712019 -1.824777 22.756108 14.260128 80.647636 -8.201496
18.710918 -1.821518 22.994902 18.001982 82.468540 -12.114310
19.743234 -1.773494 23.105622 22.790989 84.135700 -17.010517
20.792742 -1.690537 23.104640 30.956171 85.642368 -25.152364
21.831593 -1.710354 23.334857 49.409916 87.088076 -43.453204
22.907392 -1.646627 23.320183 77.009963 87.794880 -70.938276
22.916840 -1.530913 22.234010 77.009963 87.794880 -70.938276
24.016801 -1.493490 22.320951 119.876722 87.538138 -113.843432
25.124338 -1.432970 22.195940 131.358020 87.061815 -124.867865
26.226158 -1.470763 21.950512 142.647056 86.380947 -136.047835
26.781264 -0.486599 22.061617 -171.418175 86.314767 179.035059
27.781032 -0.847438 22.480898 -176.365289 85.070315 -175.860463
28.922898 -0.752726 22.388574 -173.802263 84.406946 -178.290227
30.080742 -0.672204 22.341629 -171.284961 83.561061 179.438408
31.253067 -0.675521 22.207208 -170.139712 82.831959 178.263376
32.410817 -0.903988 22.444117 -172.487294 81.452075 -178.936557
33.631171 -0.816107 22.339866 -170.376557 80.974177 179.064445
34.856108 -0.815524 22.081393 -170.646566 80.893790 179.588962
36.120827 -0.923446 22.087987 -170.916768 80.251731 179.840401
37.409728 -0.865537 21.977218 -170.100287 79.962615 178.846758
38.674923 -0.852115 21.615445 -169.989597 79.791769 178.994271
39.990859 -0.837376 21.355579 -170.219682 79.553601 179.225808
41.314441 -0.766248 21.029815 -170.265022 79.499212 179.079140
42.672949 -0.724873 20.768524 -170.506529 79.476412 179.213385
43.938566 -0.951247 21.334995 -171.615041 78.598505 -179.899482
45.321080 -0.870177 21.001087 -170.896476 78.730921 179.683703
46.767263 -0.937231 20.963363 -171.093042 78.492099 179.935344
48.170553 -0.977115 20.548047 -171.049815 78.565981 179.644811
49.625037 -1.050508 20.247990 -170.822286 78.593374 179.559086
51.108598 -1.056236 19.963391 -171.031280 78.620567 -179.998594
52.545873 -0.953979 19.448543 -169.799331 79.182844 179.033858
54.088059 -0.950015 19.275252 -169.361015 79.245245 178.986347
55.426639 -0.800186 18.470445 -165.567440 80.466307 175.266985
56.962003 -0.757580 18.028531 -164.227838 80.701326 174.096531
58.563372 -0.707880 17.824588 -162.516851 80.772528 172.390494
60.172083 -0.618248 17.546932 -161.880797 80.804214 171.844360
61.782614 -0.741340 17.207397 -162.049931 80.881553 172.826844
63.383154 -0.799041 16.771604 -160.114340 81.325317 171.113238
65.042774 -0.840158 16.533023 -159.487154 81.224393 170.798063
66.590307 -1.518228 16.593145 -164.253720 81.021066 175.156054
68.262145 -1.532399 16.258646 -164.529404 81.001687 175.586208
69.970829 -1.575234 16.019188 -165.859743 80.756416 176.581268
71.652173 -1.650416 15.584264 -165.219178 81.104014 176.491500
73.383208 -1.612049 15.295671 -164.191164 81.402558 175.451323
75.143411 -1.727296 15.459114 -165.051564 80.934746 176.148483
76.909570 -1.744763 15.225123 -165.051564 80.934746 176.148483
78.689485 -1.847453 15.005844 -164.650004 80.905408 175.978851
80.471294 -1.919911 14.691595 -164.141267 80.959741 175.705312
82.287046 -1.990548 14.458231 -165.915762 80.693472 177.092159
84.060241 -2.050122 13.958304 -165.621104 80.752102 177.140553
85.819300 -1.897206 13.372560 -165.119074 80.833366 176.340553
87.632827 -1.877194 12.909897 -164.730637 80.875956 176.177203
89.488146 -1.813782 12.551294 -163.727257 80.769390 175.368847
91.337917 -1.702360 12.115418 -162.634150 80.523137 174.168494
93.184508 -1.766978 11.611852 -163.384033 80.562516 175.220058
95.091265 -1.805228 11.346865 -165.001103 80.043564 176.672767
96.160993 -1.627198 9.749130 -160.446071 82.400037 171.691042
97.165886 -1.709990 8.085749 -157.761052 85.170727 168.554635
99.117911 -1.657300 8.026501 -155.957663 84.712100 166.649855
101.028655 -1.835426 7.590233 -156.906845 85.061483 167.549934
102.996198 -1.924254 7.393874 -157.960500 84.856244 168.596517
104.982802 -1.904928 7.281182 -157.941058 84.488832 168.859453
106.973385 -1.989377 7.093179 -159.921581 84.301002 171.237133
108.965142 -2.024278 6.831702 -160.240555 84.025019 171.868344
110.429028 -2.391960 5.494958 179.827505 88.109238 -167.483840
112.452206 -2.297331 5.439337 -166.883485 87.733790 179.115255
114.493066 -2.344230 5.469262 -170.984246 86.819881 -176.898260
116.537404 -2.359445 5.321367 -171.402727 86.554169 -176.383593
118.574551 -2.341018 5.055594 -172.168489 86.201926 -175.683246
120.489284 -1.756763 4.532995 -151.332500 86.555181 163.312996
122.538317 -1.837062 4.216818 -158.147692 86.371656 170.101618
122.699005 -1.588654 2.148654 -2.756470 82.481198 14.442724
124.766241 -1.681150 2.469327 -2.841525 82.722291 14.531277
126.865990 -1.698268 2.628541 -2.986042 83.326875 14.292585
128.914749 -1.884392 3.114593 -2.217728 83.358080 13.583594
131.033900 -1.901479 3.321691 -4.520236 83.561855 15.764055
133.136472 -1.957287 3.642809 -6.211474 84.012732 17.078442
135.265614 -2.071856 3.852082 -6.579474 84.370009 17.795434
137.411957 -2.115464 3.696757 -7.572116 84.491489 18.583972
139.551502 -2.160985 3.949954 -10.088024 84.842926 20.858307
141.707736 -2.274291 4.118875 -8.098422 85.304081 19.216317
143.831540 -2.334636 4.621272 -8.874377 85.765907 20.011451
145.993388 -2.507152 4.849538 -9.510769 86.014921 20.580075
148.177722 -2.689974 4.943916 -9.732109 86.166938 20.617486
150.361728 -2.877775 4.750085 -10.740940 86.428480 21.432187
152.546506 -3.080405 4.524089 -9.917965 86.196011 20.424674
154.715653 -3.270707 4.969355 -12.661190 86.654873 22.946386
156.940638 -3.343032 5.057590 -14.588260 86.839313 24.773153
159.170508 -3.513805 5.053942 -14.787709 86.966430 24.882856
161.393089 -3.537279 4.734990 -16.363711 86.873994 26.264797
163.645050 -3.602979 4.839960 -18.952284 87.134363 29.048857
165.891179 -3.818747 5.010032 -16.910213 87.689749 27.069253
168.157485 -3.881243 5.125284 -20.676087 88.060302 31.009040
170.432749 -3.934795 5.276505 -26.865820 88.562826 36.726860
172.716012 -3.958100 5.146438 -28.981884 88.525562 39.201688
173.412335 -4.458754 7.274482 -169.914763 85.989692 -179.681482
175.663386 -4.559909 6.787600 -168.603209 86.121338 179.399465
177.953138 -4.638640 6.456319 -168.802390 86.093546 -179.930919
178.997018 -3.801874 8.350751 -156.961816 81.984077 167.665123
181.267300 -3.927091 7.866510 -157.223455 82.083960 168.524522
183.598426 -3.957435 8.096416 -157.608536 81.339011 169.233001
185.926364 -4.037953 7.790870 -158.204079 81.113797 169.822973
188.255994 -4.348060 7.896778 -161.898971 80.188782 173.733078
190.385971 -4.692625 8.871094 -164.588246 78.448810 176.534715
192.639123 -4.826313 8.212156 -165.535161 78.030325 177.415848
195.003507 -4.763053 7.943178 -165.963276 77.402345 177.575300
197.318655 -4.797462 7.467188 -167.054730 76.917706 178.403497
199.694358 -4.685896 7.436132 -166.175243 76.428801 177.555448
202.047133 -4.735023 7.058488 -167.260417 75.748082 178.526131
203.830604 -4.911598 8.634178 -168.012217 71.303516 179.601255
205.931065 -5.106821 7.524974 -168.263227 71.522501 179.667594
208.307110 -5.232521 7.265323 -168.352059 70.883286 179.784199
210.403851 -5.357809 6.085802 -168.177520 71.048598 179.895442
212.636788 -5.370911 5.245441 -167.959994 70.760023 179.857456
214.757459 -5.423026 4.125874 -167.996492 71.116806 -179.787743
216.990267 -5.683032 4.974826 -168.377036 69.355980 -179.431464
219.245487 -6.299086 5.524106 -169.690343 67.948362 -178.051750
221.553794 -6.578205 4.903011 -170.606585 67.512899 -177.268526
223.264063 -6.628870 3.213425 -171.106818 67.771034 -177.326185
224.109256 -6.115571 1.022275 -170.380185 68.795027 -178.272168
226.490462 -6.339734 0.718430 -171.204064 67.889628 -177.508482
228.720009 -6.489247 1.615072 -171.746722 66.449485 -177.129288
231.094575 -6.582795 1.220822 -171.982927 65.695140 -176.803971
233.222564 -6.526629 0.099250 -172.410442 65.601391 -176.648354
235.128339 -6.162514 -1.319351 -171.892482 65.598146 -177.299089
237.321783 -6.135415 -2.303529 -171.782232 65.394498 -177.159229
239.092057 -5.955527 -3.916972 -171.715698 65.621308 -177.278931
241.298551 -5.962342 -4.875997 -171.759081 65.377314 -177.200145
243.048998 -6.719458 -3.422545 -173.818842 61.164803 -174.392010
243.989627 -6.614303 -5.635735 -174.500692 62.547761 -174.497479
245.963454 -6.487626 -7.015673 -174.291988 62.763780 -174.668035
248.145175 -6.495235 -8.046354 -173.960457 62.582684 -174.854374
250.330000 -6.542282 -9.080618 -174.142921 62.276000 -174.581281
252.620918 -6.856080 -9.776975 -174.768206 61.461324 -173.974160
255.001347 -6.741941 -10.291244 -174.265014 60.647511 -174.309848
257.249540 -6.765403 -11.175284 -174.720184 59.643262 -173.974032
259.609605 -7.252004 -11.548527 -175.352594 58.536561 -173.551923
261.428312 -6.632144 -13.073342 -174.627663 58.654782 -174.384330
263.053683 -6.368902 -14.893520 -174.101984 59.310861 -174.885031
265.220505 -6.377746 -16.092078 -174.786508 58.492296 -174.291660
267.482428 -6.445805 -17.106888 -175.511886 57.758777 -173.817738
268.575156 -6.390579 -19.361389 -176.254459 58.895121 -173.748422
270.709377 -6.279657 -20.639475 -176.839234 58.548574 -173.832270
272.592439 -6.037519 -22.281169 -176.662578 58.728028 -173.947819
274.865261 -5.892399 -23.385506 -176.636142 58.476657 -173.624718
276.935808 -5.848038 -24.851909 -176.968789 58.624241 -173.535547
278.951509 -5.542781 -26.388620 -176.630759 58.723860 -173.588621
281.409236 -6.077500 -26.852281 -177.646752 57.564621 -172.537688
283.208940 -6.173073 -28.694562 -178.499714 57.613483 -172.243173
284.810784 -6.195562 -30.711051 -179.502025 57.606451 -171.900842
287.317938 -6.716510 -31.120690 179.736463 56.294691 -171.089322
288.636762 -6.194830 -33.301272 179.831229 56.580818 -171.658746
287.350244 -5.420715 -35.441862 -179.368175 63.340510 -174.046458
289.308354 -5.205943 -37.182423 179.929502 63.312366 -173.898160
291.294477 -4.865168 -38.888424 179.582651 63.678690 -174.061369
292.448419 -4.491511 -41.245623 179.618528 65.282552 -174.393577
294.090078 -4.254013 -43.322724 -179.636108 66.255525 -174.959538
296.369775 -4.222408 -44.702143 -179.403286 66.158951 -175.084796
298.571676 -4.072860 -46.220667 -179.269579 66.181439 -175.102647
300.692965 -3.931310 -47.872692 -178.971831 66.469657 -175.271747
302.839073 -3.897303 -49.494211 -178.891327 66.870148 -174.871537
305.078109 -3.541312 -50.948467 -179.476772 66.971037 -175.415053
305.078109 -3.541312 -50.948467 -179.476772 66.971037 -175.415053
307.359284 -3.554299 -52.390962 179.793219 67.661817 -174.752031
309.561489 -3.703406 -53.949407 179.715439 68.155968 -173.807846
311.929636 -3.578601 -55.245614 179.757396 68.489755 -173.705724
314.035211 -3.330074 -56.925597 -179.643246 69.927245 -174.400265
316.424892 -3.409859 -58.189750 179.401268 70.422978 -173.362560
318.532124 -3.354875 -59.901999 179.098570 72.386043 -172.879578
320.704059 -3.206724 -61.524537 178.818328 74.188594 -172.502888
323.352721 -3.151825 -62.123098 178.647560 73.714958 -172.950032
325.891204 -2.954261 -63.079905 179.467147 73.904570 -174.067279
328.521949 -2.872129 -63.748203 179.005579 73.576019 -173.723387
331.123567 -2.674442 -64.547926 179.492185 73.575708 -174.531812
333.746603 -2.737888 -65.263857 179.745253 73.352157 -174.611864
336.369539 -2.667798 -65.979669 -179.851188 73.226588 -174.878649
339.003545 -2.598654 -66.699108 179.693034 72.851261 -174.353369
340.612343 -2.592639 -64.504769 -179.285888 65.652298 -175.770583
342.939145 -2.539504 -65.915579 -179.429703 66.277105 -175.718592
345.498437 -2.497916 -66.833822 -179.192709 66.030264 -175.814281
348.008472 -2.429480 -67.882037 -179.126663 65.631484 -175.859065
350.403300 -2.328323 -69.153158 -179.065056 65.704469 -175.915186
352.396031 -1.833527 -67.372664 -176.947741 60.143128 -178.858748
350.510289 -1.068140 -69.177831 -176.494858 61.668813 179.810131
351.973393 -0.996110 -71.435752 -176.053388 61.487628 178.642113
354.510578 -0.770671 -72.347597 -174.185280 60.860839 177.325548
356.895983 -0.816095 -73.627954 -174.081597 60.885109 177.743396
358.738531 -0.549927 -75.604286 -175.205435 61.149470 178.847049
361.197459 -0.606816 -76.754399 -176.318151 60.617320 -179.979584
363.462157 -0.559230 -78.240076 -176.529096 61.130706 -179.896294
365.789910 -0.617198 -79.606572 -177.081767 60.618562 -179.675551
367.959051 -0.612569 -81.202353 -176.422353 59.671084 -179.901914
370.648305 -0.439169 -81.216736 -175.847999 58.904189 179.457267
373.154904 -0.487973 -82.210530 -175.587205 58.252842 179.102354
371.740018 -0.316310 -84.500184 -175.587205 58.252842 179.102354
373.915056 -0.344408 -86.089565 -175.708652 57.355439 179.351568
376.535960 -0.320722 -86.673357 -175.582882 56.525729 179.300698
375.051713 -0.140264 -88.920369 -175.582882 56.525729 179.300698
377.422815 -0.197223 -90.191923 -175.625824 55.948834 179.434770
378.637130 0.120739 -92.575864 -175.450939 56.207361 179.096692
380.164068 0.293781 -94.789382 -175.534172 56.226004 179.096169
381.734432 0.146347 -92.617312 -176.013801 54.273389 179.724074
383.812752 0.111878 -94.337192 -176.306061 54.471993 179.852810
382.254919 0.279349 -96.519374 -176.306061 54.471993 179.852810
380.631720 0.447975 -98.649722 -175.966212 54.470915 179.436003
379.357311 0.254001 -101.003405 -176.298254 55.856025 179.610153
380.697651 0.326978 -103.327974 -176.472982 55.533909 179.640068
383.193522 0.567150 -104.295904 -176.579543 54.948915 179.471730
383.101118 0.611619 -106.974842 -176.907527 55.008851 179.456650
385.616523 0.489992 -107.901675 -176.979092 54.824831 179.497975
386.581265 1.334595 -110.248781 -176.357099 55.434376 178.902443
389.132903 1.291606 -111.067516 -176.442023 54.910362 179.161798
391.273536 1.141962 -112.659710 -176.537303 54.848610 179.777659
393.444148 1.224289 -114.220185 -176.524238 54.878659 179.985951
395.967203 0.905464 -115.039055 -176.889843 54.391031 -179.975382
398.179999 0.809370 -116.515081 -177.450259 54.190653 179.722770
399.561804 0.879176 -118.809677 -177.718410 55.739352 179.270485
401.697780 0.679998 -120.412216 -178.594510 55.999774 179.244672
403.574210 1.010849 -122.291703 -178.270756 56.286154 179.196380
406.192018 0.926256 -122.803736 -178.457171 56.149739 179.269317
408.509272 0.866917 -124.118684 -178.081867 56.145070 178.830634
410.715240 0.829233 -125.630192 -178.633445 56.353966 178.554585
412.457288 0.760602 -127.655059 -179.010755 60.708557 178.443233
414.354950 0.711565 -129.530891 -178.806305 62.246289 178.289589
416.768400 0.660727 -130.663260 -178.675239 62.097311 178.246679
418.685818 0.419969 -132.502317 -179.125572 62.373072 178.918644
420.858810 0.039588 -134.006214 -179.308941 62.623411 178.954562
422.729839 0.092088 -132.107585 -179.507485 59.240701 178.980788
424.832092 0.087462 -130.473678 -179.458034 56.745984 179.007156
427.251216 0.099500 -131.592069 -179.075224 56.514499 178.796681
428.863851 0.338169 -133.691522 -178.577430 56.892377 178.620187
431.142597 0.286759 -135.080450 -178.558788 57.132691 178.604992
433.788659 -0.027419 -134.973001 -179.417188 55.093386 179.745090
435.800680 -0.069608 -136.717515 -179.417188 55.093386 179.745090
438.019676 -0.110449 -138.185558 -179.410615 55.167715 179.739398
440.094374 -0.156897 -139.858770 -179.328831 55.304778 179.750589
442.441226 -0.169665 -141.113501 -179.328831 55.304778 179.750589
444.361728 -0.210161 -142.960433 -179.253420 56.158616 179.699147
446.550649 -0.257165 -144.473339 -179.209625 56.550916 179.657675
448.736051 -0.266571 -145.988850 -179.537921 56.848305 179.796426
451.227945 -0.010133 -146.901738 -179.757598 56.729129 -179.853793
453.122138 -0.029695 -148.771913 -179.728141 56.965741 -179.865256
455.348482 -0.058325 -150.230143 -179.732424 56.939436 -179.860162
457.947958 -0.135407 -150.795757 -179.729933 56.720097 -179.849609
460.450165 -0.332276 -151.660654 -179.714566 56.579091 -179.762120
460.676632 0.069975 -154.293113 -179.096878 58.208583 179.652074
462.195918 0.041993 -156.480053 -179.075839 58.608487 179.622136
461.507890 -0.083151 -159.048875 -179.224892 60.288535 179.766293
463.752388 -0.147920 -157.619125 -179.254852 56.524897 179.895462
465.854852 -0.502232 -159.202535 -179.297320 56.521579 179.919497
467.761140 -0.579337 -161.068401 -179.269777 56.725178 179.874474
470.298480 -0.622126 -161.871573 -179.326587 56.107818 179.790881
472.169428 -0.699373 -163.763487 -179.190807 55.905920 179.839527
474.256398 -0.871086 -165.405161 -179.207127 56.140572 179.836845
476.214818 -0.902799 -167.206279 -179.381308 57.058653 179.908764
473.583948 -0.676649 -166.834248 -179.442121 56.832551 -179.943710
472.127679 -0.648541 -169.062396 -179.442121 56.832551 -179.943710
474.475773 -0.675814 -170.311762 -179.295001 57.361301 179.954041
476.823602 -1.027006 -169.108089 -179.627345 55.017898 -179.530773
478.731665 -1.318991 -170.931551 -179.680998 55.033499 -179.482630
476.066820 -1.390329 -171.062043 -179.606320 54.611819 -179.537134
478.187201 -1.447900 -172.668968 -179.584631 54.268987 -179.529333
480.627651 -1.520044 -173.731318 -179.596206 53.857636 -179.504988
482.805829 -1.574609 -175.265005 -179.519438 53.856203 -179.541317
485.067388 -1.671779 -176.673775 -179.820643 53.845326 -179.133826
486.878108 -1.754663 -178.630707 -179.820643 53.845326 -179.133826
489.293422 -1.732452 -179.747699 -179.799679 53.464423 -179.147408
490.950727 -1.710656 -181.836158 -179.492270 54.283335 -179.546803
493.402566 -1.776914 -182.860832 -179.488311 54.029171 -179.531119
495.773976 -1.771373 -184.090881 -179.816965 53.703626 -179.268980
498.303782 -1.936140 -184.930390 179.922263 53.851620 -178.894808
500.732734 -1.972968 -186.023592 179.922263 53.851620 -178.894808
498.928715 -1.935774 -187.986408 179.919940 53.960190 -178.894073
501.285669 -2.659585 -186.976556 178.905112 51.926078 -177.851894
498.629890 -2.614199 -187.285530 178.918439 51.781124 -177.830702
500.280509 -2.643209 -185.188985 178.918439 51.781124 -177.830702
502.946583 -2.786837 -185.291297 178.862051 51.322350 -177.789276
505.125796 -2.814735 -186.828268 178.893928 50.873384 -177.793498
504.975729 -2.830292 -189.487879 178.092659 62.074344 -176.780276
504.321493 -2.826444 -186.892961 178.069214 61.656581 -176.814109
506.847990 -2.911783 -187.754797 177.798313 61.376523 -176.701617
509.462034 -2.936469 -188.284961 177.515025 61.055922 -176.554808
511.722873 -2.599060 -189.663420 177.643215 60.840500 -176.708637
513.908898 -2.570723 -191.176067 177.735114 61.059162 -176.730758
514.269163 -2.161196 -188.565768 178.657736 58.884155 -177.628991
515.887252 -2.233874 -186.455017 178.879955 54.942623 -177.687545
518.550235 -2.395951 -186.569435 178.672667 54.658429 -177.575442
521.004164 -2.184973 -187.645778 178.752025 54.377745 -177.731468
523.011523 -2.199075 -189.327137 178.797499 54.538575 -177.702187
525.002341 -2.265114 -191.088191 178.805316 54.527333 -177.694678
527.085831 -2.015086 -192.714889 178.943844 54.883543 -177.781107
529.370355 -2.081153 -194.073658 178.970487 54.624284 -177.760315
531.270975 -1.644893 -195.879472 178.882007 54.606116 -178.018687
533.448493 -1.599455 -197.395837 178.879568 54.640836 -178.059344
535.670002 -1.572945 -198.856303 178.887976 54.402833 -178.067795
538.328585 -1.540400 -198.961388 178.963298 54.045966 -178.115257
540.512134 -1.974995 -200.419484 178.550367 53.915143 -177.669662
542.338610 -1.990595 -198.493645 178.558488 53.732329 -177.677424
543.614008 -1.802105 -200.825703 178.578945 54.111920 -177.716906
545.692450 -1.874573 -202.485259 178.608952 53.849058 -177.787343
547.735588 -1.671006 -204.166071 178.981709 53.815577 -178.133639
549.847262 -1.726950 -205.789382 179.012552 53.815967 -178.130465
552.161006 -1.756751 -207.093388 178.959533 53.134935 -178.061712
554.097955 -1.668629 -208.916959 179.166747 53.132266 -178.030608
556.211239 -1.761440 -210.537117 179.167465 53.133228 -178.029615
557.993358 -1.775773 -212.511387 179.237544 53.269165 -177.998835
560.037774 -1.802121 -214.216412 179.116988 53.734333 -178.161136
558.298060 -1.788707 -212.206253 179.158828 53.742777 -178.146557
560.042466 -2.223063 -214.175697 179.170229 53.817684 -178.063411
561.844114 -2.213421 -216.131169 179.250855 54.494961 -178.091096
564.124692 -2.011997 -217.493593 179.052318 54.322039 -178.172855
566.032505 -2.107047 -219.329919 179.052318 54.322039 -178.172855
568.234579 -2.242630 -220.813521 178.683386 54.329255 -177.817131
568.884886 -2.178382 -218.235043 179.149600 49.558713 -178.212804
570.886768 -2.276391 -219.975096 179.149600 49.558713 -178.212804
569.163948 -2.252754 -221.996696 179.149600 49.558713 -178.212804
570.812029 -2.152102 -224.075662 179.243978 49.765329 -178.250433
572.775862 -2.102032 -225.858064 178.956265 49.730253 -177.888082
574.834421 -2.135004 -227.540544 178.957418 49.767989 -177.889646
576.825624 -2.160614 -229.292468 178.908781 49.973044 -177.866791
576.825624 -2.160614 -229.292468 178.908781 49.973044 -177.866791
578.919771 -2.237690 -230.910542 178.548297 50.040143 -177.636750
581.069499 -2.209682 -232.458090 178.490509 50.073981 -177.679767
582.190021 -2.204232 -234.869590 178.456557 50.497936 -177.675633
583.878045 -2.215832 -232.820788 178.456557 50.497936 -177.675633
585.673283 -2.162997 -234.772058 178.449985 50.515091 -177.686090
587.523599 -2.120063 -236.673569 178.449985 50.515091 -177.686090
589.630731 -2.049386 -238.289660 178.472011 50.406826 -177.655879
591.336180 -1.970639 -236.257397 178.385141 49.131604 -177.776889
593.220859 -1.963006 -238.132302 178.358299 49.238653 -177.781438
595.263003 -1.982262 -239.826117 178.396284 49.213944 -177.784649
597.035634 -1.747755 -241.792329 178.502888 49.203911 -177.800773
599.051899 -1.681049 -243.523086 178.527018 49.381757 -177.852045
600.462173 -1.596782 -245.775752 178.410089 51.123363 -177.619890
602.216501 -1.691496 -247.768859 178.408321 51.285903 -177.459674
604.307490 -1.644268 -249.403875 178.408321 51.285903 -177.459674
606.351620 -1.572927 -251.092112 178.445376 51.154719 -177.468510
608.622195 -1.604976 -252.474814 178.508874 50.885425 -177.453616
608.943196 -1.291243 -255.093136 -179.478426 60.064251 -179.853370
611.058118 -1.356381 -256.703618 -179.415137 59.985174 -179.796318
609.728953 -1.321078 -259.004312 -179.415137 59.985174 -179.796318
612.044200 -1.322962 -260.299953 -179.423734 59.726334 -179.802925
613.530727 -1.243090 -262.505079 -179.392096 59.770232 -179.811702
614.529348 -1.229922 -264.966757 -179.357718 60.094262 -179.836137
616.612102 -1.370356 -266.604038 -179.289064 60.346352 -179.856489
617.703429 -1.400509 -269.024728 -179.235815 60.955182 -179.869819
619.828621 -1.353599 -267.425641 -179.199833 59.337378 -179.946398
622.059485 -1.348515 -268.861571 -179.149418 59.342329 -179.980455
623.899747 -1.183674 -270.763583 -178.526254 59.685547 179.684990
626.166809 -1.250941 -272.126583 -178.629858 59.768957 179.748239
628.737216 -1.332290 -272.751368 -178.696564 59.200656 179.674104
630.758151 -1.114961 -274.445725 -178.040639 59.425178 179.238494
632.802684 -1.105643 -276.132130 -178.019016 59.521725 179.211239
634.986221 -1.152888 -277.630889 -178.014852 59.532588 179.196344
633.643039 -1.093103 -279.915192 -178.014852 59.532588 179.196344
636.209708 -0.934339 -279.272360 -177.651546 57.784126 178.887199
638.237744 -0.941248 -280.974450 -177.424086 57.746433 178.797000
640.727365 -1.040606 -281.860732 -177.312302 57.684716 178.787354
643.001479 -0.979597 -283.218317 -177.157934 57.814619 178.673429
645.115612 -1.009238 -284.808477 -177.157934 57.814619 178.673429
647.134400 -0.681428 -286.499072 -177.157934 57.814619 178.673429
649.190802 -0.889567 -288.155437 -177.075606 57.806619 178.673008
651.124233 -0.885814 -289.963894 -177.052952 58.036382 178.656967
653.114308 -1.089581 -291.698601 -177.075486 58.047441 178.642610
654.911048 -1.173440 -293.644790 -177.038368 58.192738 178.646985
656.799471 -1.178862 -295.501873 -176.872183 58.064720 178.709260
659.061877 -1.303971 -296.882281 -176.720920 58.079225 178.827516
660.630322 -1.175082 -299.012315 -176.143653 58.326449 178.466540
662.087388 -1.139385 -301.226636 -176.037630 58.682920 178.380209
663.584879 -1.321526 -303.402810 -175.715748 58.897417 178.146010
665.833023 -1.322928 -304.804898 -175.715748 58.897417 178.146010
667.848221 -1.474319 -306.530525 -175.558861 59.394566 178.202385
670.165940 -1.522368 -307.819696 -175.670952 59.730403 178.218176
671.521502 -2.317498 -309.957905 -176.357855 59.932041 178.525071
674.150696 -2.251455 -310.319251 -176.404340 59.948242 178.531039
676.300371 -2.289721 -311.869918 -176.402311 60.157012 178.514533
678.516276 -2.293306 -313.333423 -175.918522 60.367946 178.167508
680.759100 -2.497574 -314.739937 -175.911771 60.385984 178.177356
682.045906 -2.519930 -317.058735 -175.866837 60.931769 178.129740
684.635758 -2.533499 -317.606938 -175.866837 60.931769 178.129740
687.263006 -2.414803 -317.977021 -175.895018 60.931796 178.119282
685.978789 -2.301026 -320.292301 -175.895018 60.931796 178.119282
688.613867 -2.491625 -320.116843 -176.431689 59.669775 178.448390
689.732377 -2.510803 -322.518778 -176.313743 60.279999 178.335562
691.918881 -2.356251 -323.990590 -176.313743 60.279999 178.335562
693.808859 -2.455081 -325.841129 -176.264433 60.130044 178.379054
691.463399 -2.396887 -327.055740 -176.264433 60.130044 178.379054
690.638687 -2.446502 -324.546501 -176.256409 60.235225 178.356536
692.873714 -2.538614 -325.945060 -176.232546 60.476087 178.323525
695.434206 -2.618581 -326.563482 -176.232546 60.476087 178.323525
697.593680 -2.738852 -328.064445 -176.246155 60.512101 178.316161
698.490733 -2.880446 -330.533860 -176.189236 61.410529 178.148928
700.838154 -2.984087 -331.722584 -176.135548 61.363979 178.144709
702.098026 -3.086874 -329.410729 -176.135548 61.363979 178.144709
702.098026 -3.086874 -329.410729 -176.135548 61.363979 178.144709
703.857019 -3.079720 -331.376078 -175.672180 61.946936 178.068905
705.091645 -3.200212 -329.053885 -175.672180 61.946936 178.068905
706.328207 -3.320892 -326.728050 -175.672180 61.946936 178.068905
708.807861 -3.452226 -327.608312 -175.674054 62.046285 178.057311
710.999102 -3.485482 -329.074426 -175.315363 62.372458 177.847984
713.312251 -3.509874 -330.351526 -175.740889 62.160742 177.929829
715.651062 -3.502846 -331.573756 -175.701771 62.401984 177.891017
717.811374 -3.667694 -333.081809 -175.625234 62.466358 177.856071
720.026901 -3.873653 -331.667475 -176.449396 56.632991 178.960466
722.203268 -4.007311 -333.164548 -176.429011 56.624707 178.974109
724.603554 -3.725496 -334.253914 -176.651733 56.588500 179.010981
726.895114 -3.817188 -335.580103 -176.667591 56.351703 179.035510
728.138658 -3.840816 -337.918078 -176.667591 56.351703 179.035510
730.509780 -3.954478 -336.740434 -176.739792 54.043617 179.197983
732.058547 -3.990607 -338.901470 -177.044205 53.916805 179.633099
734.025371 -3.964868 -340.688085 -177.272833 53.958005 179.706418
735.136146 -4.026406 -343.099615 -177.272833 53.958005 179.706418
736.430910 -4.180202 -345.412833 -177.279943 54.253951 179.736115
736.533723 -4.328719 -342.764023 -178.271937 52.849360 -179.681081
738.144358 -4.421012 -340.638771 -178.271937 52.849360 -179.681081
737.209328 -4.459003 -338.150938 -178.234326 52.971784 -179.670946
739.473168 -4.290896 -339.544703 -178.235234 52.969155 -179.673801
741.554290 -4.204640 -341.204350 -178.188865 52.960772 -179.690420
743.873230 -4.309113 -342.515643 -178.156779 52.665050 -179.645070
741.936980 -4.138151 -340.684228 -178.153282 52.704810 -179.617495
739.321385 -4.175105 -341.185515 -178.300388 54.149202 -179.510202
736.687026 -3.849319 -341.441118 -177.843397 55.627738 -179.927231
735.386304 -4.311498 -339.169015 -178.336100 55.621242 -179.784212
733.055712 -4.317780 -337.911567 -178.248602 55.841802 -179.832501
730.815739 -4.312832 -336.477117 -178.228124 55.892862 -179.847070
728.529634 -4.301099 -335.127904 -178.169677 55.855116 -179.869858
731.051331 -3.884675 -334.417962 -178.187291 56.659371 -179.796223
729.044932 -3.536488 -336.107494 -177.150898 60.052371 179.161277
726.447609 -3.495529 -335.596236 -177.024059 60.561578 179.061104
724.109823 -3.367654 -334.321029 -177.024059 60.561578 179.061104
722.588255 -3.421665 -332.202778 -177.210462 60.723629 179.048047
721.438412 -3.426835 -329.832832 -177.575505 60.733848 179.211557
719.233020 -3.363807 -328.415150 -177.491399 61.170654 179.144849
716.706460 -3.421008 -327.688799 -177.590534 61.258569 179.196050
714.179893 -3.407458 -326.995844 -177.400811 61.272502 179.093530
715.432298 -3.229459 -329.286695 -177.300618 61.684887 178.984515
717.399664 -3.304345 -331.008868 -177.451472 62.072443 179.022532
715.160516 -3.192880 -329.680813 -177.364205 62.412041 178.951976
716.373043 -3.270948 -327.358458 -177.364205 62.412041 178.951976
718.563678 -3.488513 -328.746446 -177.370931 62.334895 178.979324
720.172539 -3.388572 -330.790554 -177.345131 62.323901 178.980877
717.784243 -3.326200 -329.761407 -177.243788 62.295942 178.936670
715.452476 -3.292712 -328.628804 -177.186246 62.347550 178.887131
718.037187 -3.247244 -328.894726 -177.179279 62.320964 178.874670
720.535930 -2.914238 -329.554391 -176.905903 62.900500 178.939317
722.449633 -2.882425 -331.313281 -177.328317 62.905118 179.557664
724.376000 -3.021583 -333.058190 -177.316900 62.737688 179.531502
722.010998 -3.025752 -332.012598 -176.444415 62.496711 178.493227
720.865738 -3.081989 -329.694469 -175.973313 62.741461 177.931531
722.940291 -3.226651 -331.248633 -176.411972 62.965424 178.427040
724.822968 -3.248508 -333.040967 -176.870787 63.407709 179.190970
726.739041 -3.158586 -334.794910 -177.256026 63.761329 179.653436
726.739041 -3.158586 -334.794910 -177.256026 63.761329 179.653436
724.371823 -3.299299 -333.732930 -177.081844 63.888413 179.481677
722.354917 -2.917621 -332.142439 -177.256079 63.887168 179.543316
724.279481 -2.816600 -333.880713 -177.256079 63.887168 179.543316
726.633773 -2.809464 -334.979808 -177.256079 63.887168 179.543316
728.416215 -2.727400 -336.865797 -176.743967 64.013340 179.068590
727.277995 -2.617594 -339.202968 -176.743967 64.013340 179.068590
729.156765 -2.658617 -337.404330 -176.845297 63.038225 179.142624
726.556743 -2.474792 -337.394647 -176.817760 63.303315 179.106722
726.556743 -2.474792 -337.394647 -176.817760 63.303315 179.106722
728.909537 -2.558985 -338.502048 -176.869775 63.307391 179.113552
731.311942 -2.550501 -339.526699 -176.809422 63.308144 179.081795
733.835362 -2.660314 -340.154056 -176.608212 63.315750 179.026035
731.458710 -2.460159 -341.211223 -176.585837 63.664536 178.979331
733.180239 -2.536510 -343.164388 -177.041864 63.899394 179.492711
735.664435 -2.577176 -343.981559 -177.452185 63.700288 179.718755
736.816794 -2.681461 -341.649369 -177.452185 63.700288 179.718756
736.543964 -2.912447 -344.228576 -178.075934 66.167248 -179.660327
738.919432 -3.200451 -345.256413 -177.657484 66.250737 -179.939653
741.314599 -3.207167 -346.278231 -177.523968 66.417704 179.955749
743.148476 -3.115411 -348.130300 -177.437533 66.449615 179.980957
745.390058 -3.342658 -349.441941 -177.437533 66.449615 179.980957
744.348564 -3.226797 -351.831505 -177.437533 66.449615 179.980957
746.870014 -3.234871 -352.497467 -176.998296 66.361051 179.879567
749.427862 -3.344663 -352.992813 -176.998296 66.361051 179.879567
751.708843 -3.305296 -354.259357 -176.968187 66.588565 179.849537
754.065162 -3.193994 -355.379590 -176.907296 66.435240 179.759467
756.191967 -3.170267 -356.891669 -176.794247 66.663324 179.682119
758.312911 -3.313194 -358.403182 -176.764919 67.120109 179.614609
760.556973 -3.478829 -359.716563 -177.023151 67.447281 179.693261
762.840256 -3.606050 -360.972097 -177.101134 67.758516 179.735197
764.720060 -3.467126 -362.766194 -176.800839 68.060787 179.466167
767.139783 -3.489129 -363.721829 -176.789356 67.960539 179.465815
769.342097 -3.558976 -365.101018 -177.242532 68.644146 179.976676
768.164593 -3.680340 -362.784816 -177.843494 68.798186 -179.373781
770.746497 -3.791608 -363.044179 -177.843494 68.798186 -179.373781
773.191941 -3.750334 -363.906454 -178.123152 68.629974 -179.597884
775.006817 -3.576120 -365.744096 -178.082131 68.644200 179.991409
777.396329 -3.496953 -366.736562 -178.075872 68.652505 179.978441
778.545564 -1.693700 -368.193447 -176.306896 68.800550 179.334431
780.914046 -1.814449 -369.222484 -176.475738 69.227310 179.648765
779.649260 -1.802864 -366.974605 -176.472602 69.373430 179.626441
782.065897 -1.772283 -367.864049 -176.375728 69.336588 179.502066
781.199842 -1.531395 -370.271978 -170.055978 80.645165 172.412794
783.375331 -1.595934 -371.643773 -169.869415 80.922319 172.271790
785.791700 -1.840153 -372.479824 -170.048391 80.961764 172.476057
788.272606 -1.824990 -373.115782 -169.569817 81.062801 171.697713
786.776979 -1.602732 -371.050892 -169.576397 81.074352 171.317228
789.124013 -1.710034 -372.039892 -169.249145 81.387365 171.054105
791.467674 -1.573082 -373.055346 -167.196065 81.640395 168.446236
793.919700 -1.716563 -372.348206 -167.384572 81.454991 168.647388
796.257489 -2.171070 -373.268640 -168.665735 81.705660 169.733230
798.727101 -2.306407 -372.638305 -168.384518 81.954196 169.407822
801.102582 -2.122649 -373.548074 -167.764094 82.118539 168.793236
803.409159 -2.350176 -374.598026 -166.409936 82.216221 167.693534
805.943425 -2.350557 -374.838680 -163.993668 82.376063 165.331592
805.799461 -2.305353 -377.379136 -163.660369 82.532073 164.986304
808.327399 -2.438789 -377.620894 -165.083723 82.281492 166.483242
810.676052 -2.767995 -378.555068 -166.937063 82.538790 168.464898
813.194857 -2.680370 -378.931496 -165.981060 82.687809 167.517495
815.530714 -3.395390 -378.235279 -172.900864 81.694076 174.210755
817.933863 -3.619286 -379.017392 -172.373034 81.772359 173.507745
818.433664 -3.869831 -381.491524 -172.022889 83.239048 173.049710
820.830586 -3.838592 -382.324811 -171.746375 83.466414 172.780249
823.135464 -4.034996 -383.367239 -171.521052 83.888906 172.483255
825.662145 -4.165342 -383.184439 -171.521052 83.888906 172.483255
828.155123 -4.317970 -383.649217 -171.308992 83.887080 172.444975
830.475734 -4.443641 -384.657748 -171.711763 84.127128 173.035318
833.020524 -4.487066 -384.679305 -173.831512 84.049759 175.246072
835.551904 -4.626632 -384.616098 -173.587288 84.290815 174.987135
838.035451 -4.863396 -385.040438 -173.042751 84.559019 174.465434
840.513213 -5.025430 -385.540380 -171.793131 84.403091 173.420997
840.757451 -5.098674 -383.023090 -171.793131 84.403091 173.420997
843.296816 -5.099934 -383.147058 -173.163605 84.334177 174.842480
845.706980 -5.161188 -383.921802 -172.498704 84.652457 174.157434
847.944763 -5.367645 -385.104293 -176.065452 85.053455 177.427939
849.906389 -5.939016 -386.620284 179.395858 85.393633 -178.017174
852.317377 -6.064520 -387.392829 176.744685 85.799502 -175.306786
854.827389 -6.293238 -387.708191 176.656715 85.841450 -175.274173
854.903967 -5.611163 -390.143397 -177.213133 87.111119 178.600140
855.384870 -5.579759 -392.632721 -177.074314 87.254211 178.454428
857.655993 -5.480901 -393.754757 -175.646319 87.755156 177.154237
860.192337 -5.568613 -393.782839 -176.243618 87.731657 177.765281
862.627172 -5.943072 -394.378519 177.182084 87.968048 -175.563946
863.933741 -5.839517 -396.553436 174.403989 89.104034 -172.755089
866.401612 -5.985929 -397.116187 163.757732 89.586148 -162.177232
868.890916 -5.926102 -397.569002 -135.343090 89.809519 137.260899
871.286690 -5.817839 -398.422682 -21.027542 89.446116 23.147496
873.730130 -6.064647 -399.102353 0.692187 89.026974 1.543021
876.001802 -6.151833 -400.245397 0.223049 88.426889 1.996000
878.399999 -6.072475 -401.100857 -4.997796 87.940129 7.527330
880.551757 -6.419371 -399.785882 -3.135139 88.398767 5.903208
882.924091 -6.621496 -400.699596 -0.932382 87.616876 3.508064
885.213166 -6.767192 -399.576567 -1.099512 87.640503 3.632942
887.459341 -6.816544 -400.797424 -0.858688 86.983946 3.386970
890.004232 -6.762034 -401.037051 -0.926944 86.977084 3.450545
892.098983 -6.861198 -402.501165 -0.298385 86.059710 2.699761
894.663451 -6.797143 -402.506329 -0.292452 85.821172 2.707287
897.107758 -6.720858 -403.264482 -0.285669 85.399185 2.652245
899.018185 -6.777439 -404.973563 -0.259602 84.593652 2.553329
901.577120 -6.818083 -405.176442 -0.475554 84.231899 2.760349
904.074911 -7.224603 -405.586189 2.129986 83.814325 0.007054
906.577436 -7.243955 -404.997063 1.672355 84.270784 0.421089
907.915817 -6.265890 -406.956961 -6.301580 82.047770 8.147810
910.403513 -6.512939 -406.348895 -5.806140 82.106848 7.903872
912.895896 -6.349107 -406.969963 -6.601056 81.535579 8.485688
915.445205 -6.642509 -406.806507 -6.619461 81.592268 8.786946
918.023627 -6.617742 -406.789647 -7.219045 81.374348 9.206034
920.588938 -6.748022 -407.046064 -4.960029 80.912957 6.989070
923.147664 -6.827164 -406.687214 -4.674892 80.855073 6.856184
925.665144 -6.656337 -406.129760 -6.204606 80.911891 8.108069
928.141144 -7.252634 -406.581700 -5.859460 80.484115 8.246655
930.488393 -7.325473 -405.331298 -7.122036 81.836802 9.633543
932.991618 -7.306420 -404.911594 -7.122036 81.836802 9.633543
935.228564 -7.594958 -406.215856 -4.539488 80.934010 6.936605
937.769267 -7.537611 -405.663040 -6.580260 81.478773 9.404738
940.372335 -7.580750 -405.331862 -6.567680 81.278428 9.438594
942.948943 -7.601080 -404.917053 -8.225671 81.518999 10.854287
945.541356 -7.630948 -404.607225 -9.354758 81.217688 12.460139
947.529699 -8.092490 -402.963863 -9.096613 82.160429 12.340338
950.139277 -8.238401 -402.658268 -9.112886 82.121079 12.502974
952.659291 -8.477673 -401.984661 -9.048848 82.573637 12.585988
950.601236 -8.354152 -403.616452 -8.982908 82.575119 12.528193
948.532984 -8.342336 -401.974667 -8.243694 82.022451 11.772395
951.128616 -8.434589 -401.555947 -8.152602 82.018326 11.735276
953.085923 -8.725565 -399.823277 -8.152602 82.018326 11.735276
955.710603 -9.051553 -399.687776 -6.274357 81.581539 10.117773
958.262460 -9.216713 -399.045427 -6.350853 81.528221 10.180502
957.875533 -9.388149 -396.436917 -6.350853 81.528221 10.180502
960.521861 -9.384748 -396.541015 -6.336390 81.476797 10.206993
962.449061 -9.319039 -398.356525 -5.863253 79.798313 9.866870
965.037700 -9.476090 -397.807361 -6.148383 79.840343 10.102478
967.685967 -9.603758 -397.917703 -6.062108 79.461187 10.020317
970.285357 -9.627797 -397.375341 -7.529367 79.434665 11.634731
969.802010 -9.809147 -394.766905 -7.529367 79.434665 11.634731
972.452162 -9.975416 -394.666345 -7.174730 79.119105 11.296426
975.038853 -10.064004 -394.009755 -7.487273 79.368438 11.498153
977.670615 -10.098183 -393.563953 -8.820889 79.177895 12.932813
980.284159 -10.217475 -393.031289 -9.609477 79.345448 13.678108
979.798021 -10.395969 -390.415261 -9.609477 79.345448 13.678108
982.066480 -11.215272 -391.599147 -5.084434 78.191188 9.754748
984.516600 -11.328432 -390.523934 -5.208729 78.193644 9.847326
984.227635 -11.569731 -387.865154 -5.225329 78.249946 9.870248
986.863201 -11.665245 -387.343832 -5.653266 78.219430 10.127328
989.143037 -11.725647 -388.770550 -4.783133 76.947151 9.279498
991.288670 -11.958199 -387.151002 -4.760732 76.780271 9.226319
993.939059 -11.983132 -387.683115 -4.318154 75.478309 8.906863
996.468756 -12.301475 -386.778920 -3.326784 75.721476 7.938092
998.960454 -12.589447 -385.767622 -3.130082 76.301438 7.807569
1001.554547 -12.907546 -385.085338 -3.558541 76.495970 8.525385
1000.923262 -13.133159 -382.436345 -4.553300 76.466020 9.546478
1003.562381 -13.257088 -381.894830 -5.416978 76.112841 10.763194
1005.591218 -13.540027 -380.105489 -5.598271 76.076793 10.829885
1008.234986 -13.659871 -379.451981 -5.154390 75.999046 10.574750
1010.824482 -13.958200 -378.668651 -4.310886 76.022937 9.426517
1013.474326 -14.136651 -377.999262 -3.980650 76.132783 8.803840
1016.169596 -14.253520 -377.566877 -3.910482 75.876795 8.694757
1018.897607 -14.230728 -377.424255 -3.614865 74.615194 9.050118
1021.543402 -14.331479 -376.740259 -4.040232 74.638446 9.749866
1024.180006 -14.568169 -376.068512 -4.261435 74.863895 9.824336
1026.849877 -14.746069 -375.520008 -4.198076 74.434293 9.811775
1029.475184 -14.985432 -374.803603 -4.202470 74.089886 9.703621
1032.202549 -15.123849 -374.785020 -4.016596 73.628483 9.620694
1034.710063 -15.248834 -373.707268 -4.091237 74.153731 9.525389
1037.407248 -15.607067 -373.459935 -3.265669 73.640746 8.809697
1039.872145 -15.363674 -374.618294 -3.721577 72.051822 9.253341
1042.554316 -15.583957 -375.091660 -3.042331 70.271595 8.602481
1045.090199 -15.819198 -374.118164 -2.898946 70.149046 8.547791
1044.166630 -16.063232 -371.567937 -2.898946 70.149046 8.547791
1046.888871 -16.297733 -371.540369 -2.332811 69.147962 8.115290
1049.599520 -16.525210 -371.787053 -1.943033 68.006563 7.690421
1052.274933 -16.686918 -372.303846 -1.828736 66.668898 7.508049
1054.679313 -16.842963 -371.016445 -1.509064 66.826384 7.056346
1057.391434 -16.627370 -370.920107 -1.638080 65.789220 7.745984
1060.005054 -16.806828 -370.156637 -1.715327 65.787661 7.799276
1062.453981 -17.063499 -368.984062 -1.665006 65.308845 7.802801
1064.921201 -17.323866 -367.838999 -1.485812 65.413048 8.018721
1067.486458 -17.520437 -366.928347 -1.595122 65.283560 8.295747
1070.134032 -17.801845 -366.354312 -2.188811 65.349980 8.506672
1072.801882 -18.284460 -366.661799 -1.069423 63.668520 7.556626
1074.978885 -18.734205 -365.078763 -0.230178 63.904665 7.203875
1077.441010 -18.890704 -363.918648 0.051931 63.802196 6.781111
1079.914159 -18.911685 -362.778232 -0.349646 63.907044 6.898691
1082.340731 -19.112138 -361.565067 -0.262691 63.777094 6.865847
1084.505258 -19.743600 -360.022221 -0.423319 64.037757 7.012768
1086.896572 -20.011053 -358.742582 -0.559947 64.050302 6.900028
1089.258724 -20.363290 -357.430172 -0.480693 64.299227 6.892972
1091.870519 -20.333923 -356.641330 -0.838703 64.177268 7.265644
1094.445930 -20.587812 -355.803451 -0.446620 63.461705 6.793933
1096.812902 -20.786179 -354.467742 -0.294831 63.299130 6.603573
1095.592364 -21.051359 -352.055558 -0.294831 63.299129 6.603573
1098.300525 -21.096281 -351.935304 -0.447699 62.614759 6.640475
1100.556288 -21.365040 -350.457566 -0.823509 63.474463 6.853850
1102.842531 -21.628827 -349.032044 -0.976263 62.928397 6.953398
1105.192198 -21.889602 -347.714783 -0.969549 62.832436 6.987572
1107.111954 -22.275589 -345.848397 -0.866169 62.937849 6.946052
1109.203708 -22.675175 -344.187180 -0.959996 62.923308 7.008042
1111.582836 -22.976917 -342.955877 -0.794971 62.919988 6.958974
1114.120811 -23.121185 -342.039239 -0.838363 62.802051 6.993926
1115.354008 -22.868169 -344.425945 -0.838363 62.802051 6.993926
1114.128045 -22.680231 -346.825728 -0.838363 62.802051 6.993926
1116.501374 -22.959363 -345.580783 -0.764438 62.799450 6.983102
1118.933665 -23.218502 -344.440289 -0.764438 62.799450 6.983102
1121.464088 -23.634013 -343.588345 -0.701624 62.446616 6.880037
1123.963654 -24.056102 -342.671735 -0.701624 62.446616 6.880037
1126.312533 -24.220912 -341.351928 -0.785795 62.700988 6.898588
1128.750080 -24.375957 -340.204243 -0.763397 62.300229 7.046672
1131.157912 -24.585434 -339.026041 -0.723589 62.291753 7.056998
1133.468480 -24.847630 -337.662825 -0.439822 62.593933 7.033213
1136.031773 -24.971156 -336.856826 -0.707264 61.487513 7.122444
1138.273573 -25.150953 -335.390705 -0.871533 61.879293 7.233504
1140.853884 -25.297905 -334.678216 -1.308621 60.972786 7.678371
1143.068623 -25.517138 -333.197763 -1.338530 61.210971 7.697467
1143.499795 -25.893353 -330.584005 -1.484299 69.528799 8.311271
1145.969261 -26.011100 -329.571718 -2.208107 69.514281 9.041019
1148.495488 -26.215314 -328.733809 -1.709561 69.376449 8.765029
1150.785923 -26.380888 -327.367335 -1.864284 69.805352 8.994733
1153.422354 -26.378692 -326.950271 -2.032139 68.726943 9.108053
1156.036633 -26.260726 -327.493394 -1.958879 65.471339 9.230221
1158.541976 -26.343483 -326.577625 -2.470747 64.919500 9.699745
1160.630013 -26.600126 -324.937067 -2.290925 65.414765 9.723521
1163.050167 -26.812028 -323.841357 -2.318831 65.407364 9.733117
1165.699575 -27.014102 -324.065791 -0.236085 60.294690 7.968691
1168.253664 -27.240348 -323.322378 -0.271989 60.600264 7.608039
1169.658666 -27.721689 -321.109834 0.467779 64.136001 7.023416
1172.055080 -27.898617 -319.972915 0.446847 63.996503 6.947960
1174.502843 -27.986982 -318.949013 0.373433 64.110566 6.888675
1176.260543 -28.220923 -316.969792 0.347536 66.097181 6.989196
1178.674927 -28.446510 -315.890796 0.503856 65.913161 6.859923
1180.955896 -28.690504 -314.566181 0.503856 65.913161 6.859923
1183.359595 -28.864093 -313.470132 0.498349 65.910981 6.835375
1185.998827 -28.774323 -313.511859 0.588412 65.656771 6.920712
1188.428899 -29.019855 -312.502124 0.552102 65.385994 6.910164
1190.809254 -29.268635 -311.412691 0.650929 65.149695 6.941930
1193.386230 -29.412549 -310.910289 0.681825 64.268977 6.743416
1195.958607 -29.564363 -310.389385 0.684993 64.268925 6.743066
1198.292355 -29.790565 -309.220193 0.938477 64.762764 6.284178
1196.410251 -30.159124 -307.431787 1.073321 65.197648 6.196615
1198.712718 -30.380001 -306.215465 0.841932 65.343971 5.905815
1201.047274 -30.526867 -305.062559 0.715767 65.382185 5.719600
1203.438683 -30.645090 -304.032802 0.698612 65.182422 5.755659
1205.801595 -30.715482 -302.967774 0.668110 65.223584 5.832117
1208.227531 -30.777868 -302.053010 0.629205 65.264091 5.919922
1210.619141 -30.911490 -301.064424 0.735958 65.012411 5.991178
1212.322038 -31.486286 -299.208934 1.361790 66.029788 5.325026
1214.669970 -31.525370 -298.154909 1.322374 66.106988 5.571461
1217.031152 -31.704354 -297.152292 0.600933 66.099194 5.668599
1219.350525 -31.903529 -296.078738 0.476801 66.100192 5.684671
1221.705036 -32.100754 -295.082811 1.183372 66.328061 4.951475
1224.055903 -32.257704 -294.106637 1.213268 66.329966 4.952497
1226.466813 -32.398904 -293.317215 1.185419 65.319396 4.927612
1228.147102 -32.991452 -291.494677 3.327252 68.493510 2.009969
1230.508977 -32.989714 -290.553270 3.289864 68.707289 2.080800
1232.873303 -33.038278 -289.627202 3.825069 68.801132 1.577484
1235.265438 -33.211999 -288.825077 3.325993 68.155860 1.352059
1236.611634 -33.176037 -286.689366 1.731689 74.489900 3.224078
1239.015431 -33.242523 -285.908044 1.441105 74.741929 3.921970
1241.446430 -33.393537 -285.246362 1.873566 74.670541 2.950277
1239.183365 -33.338737 -286.350269 1.873566 74.670541 2.950277
1240.343432 -34.294306 -284.333276 2.514467 74.914756 2.356284
1242.817355 -34.212115 -283.919199 2.486969 74.666161 2.481378
1244.912120 -34.274175 -282.539327 1.372889 76.360773 3.600945
1247.296125 -34.503719 -281.827713 1.024567 76.292828 4.141197
1249.732998 -34.972254 -281.540472 0.377345 75.995687 4.652932
1252.211100 -35.201513 -281.370883 0.463049 75.939833 4.585996
1254.127824 -34.595780 -279.898522 -8.927355 78.733435 14.816967
1256.542152 -34.781926 -279.316138 -7.752719 78.895436 13.608714
1254.124803 -34.567183 -279.836296 -7.617671 78.742461 13.457829
1256.252008 -34.928159 -278.617767 -8.126651 79.321298 13.887073
1258.606380 -34.985167 -279.354375 -7.997532 79.251726 13.810094
1259.040222 -34.234337 -281.657646 -9.294274 76.266587 14.960248
1259.040222 -34.234337 -281.657646 -9.294274 76.266587 14.960248
1261.472366 -34.322044 -281.981006 -9.081339 75.874297 14.742807
1260.563752 -35.521473 -280.046067 -8.623902 75.885780 14.287260
1258.330087 -35.407159 -279.058989 -8.623902 75.885780 14.287260
1260.714187 -35.615904 -278.568281 -8.416369 75.764190 13.965744
1263.132681 -35.607539 -278.857804 -7.830505 75.169541 13.300715
1265.493228 -35.812575 -278.317820 -7.225273 74.917121 12.993295
1266.396560 -36.105340 -280.548402 -4.786034 72.802255 10.304645
1266.147173 -36.584299 -278.189856 -4.105149 78.155866 9.897374
1267.931250 -36.809456 -276.566469 -4.170107 78.344445 9.959550
1267.129837 -36.925637 -274.283256 -4.158288 78.298987 9.927062
1264.840503 -36.756634 -273.532906 -4.021728 78.062808 9.783931
1264.840503 -36.756634 -273.532906 -4.021728 78.062808 9.783931
1267.227266 -37.052398 -273.527713 -3.869652 77.804342 9.597169
1267.227266 -37.052398 -273.527713 -3.869652 77.804342 9.597169
1269.501698 -37.388349 -272.811894 -3.635511 78.139210 9.544444
1269.740520 -37.838926 -270.463028 -2.080634 84.480092 8.195240
1272.122666 -37.992372 -270.721014 -2.080634 84.480092 8.195240
1274.487138 -38.180095 -271.033685 -1.496524 84.462681 7.423472
1274.433135 -37.915752 -273.418009 -1.521740 84.566551 7.455021
1276.797249 -37.823209 -273.730352 -1.743394 84.523908 7.720525
1279.166100 -38.081644 -273.662727 -1.743395 84.523908 7.720525
1281.443230 -38.021232 -272.972947 -5.756659 85.442393 11.686389
1283.807210 -38.028275 -272.770066 -6.142925 85.643747 12.074251
1285.686093 -38.268991 -271.343258 -6.299472 85.720226 12.231336
1288.040545 -38.370347 -271.161437 -6.457278 85.768972 12.412553
1290.379545 -38.290073 -271.475341 -6.845581 85.799249 12.844797
1292.686406 -38.257316 -271.957947 -6.557104 85.757401 12.544423
1290.897837 -38.064997 -273.463201 -6.557104 85.757401 12.544423
1291.070465 -37.821385 -275.792965 -6.557104 85.757401 12.544423
1293.375776 -38.074678 -275.478639 -6.557104 85.757401 12.544423
1292.634708 -37.838189 -277.679657 -6.977011 86.009675 12.970058
1294.949983 -37.913621 -277.510326 -7.444845 86.246323 13.444941
1297.266847 -38.046935 -277.365004 -6.830434 86.183746 12.956554
1295.178246 -38.021318 -276.369577 -8.505654 85.809985 14.791621
1297.302619 -38.084114 -277.271966 -8.123190 85.793388 14.471971
1299.586584 -38.142953 -276.983682 -7.988743 85.679027 14.480787
1301.881350 -38.222356 -277.032784 -7.819181 85.569251 14.297520
1304.175640 -38.302196 -277.076698 -7.639778 85.428243 14.137673
1306.302700 -38.304419 -277.913091 -7.531186 85.335535 14.000552
1308.545716 -38.708395 -277.750585 -5.909812 85.489163 12.180720
1310.795164 -38.909025 -277.457298 -6.153972 85.698282 12.443800
1312.861572 -38.816611 -278.371522 -6.067370 85.796111 12.425031
1315.119315 -38.920059 -278.148938 -6.320437 85.870442 12.633621
1316.888567 -39.020704 -276.747006 -7.167044 86.155704 13.506346
1319.136802 -39.042110 -276.581687 -7.167044 86.155704 13.506346
1316.890141 -39.051724 -276.737072 -3.528816 86.040689 9.868821
1319.130597 -39.068263 -276.801574 -1.341368 85.541932 7.464248
1319.304683 -38.830195 -279.022334 -1.341368 85.541932 7.464248
1319.544500 -38.601499 -281.222327 -4.512763 85.606075 10.646818
1321.668948 -38.644435 -281.865581 -10.170456 85.506932 16.356181
1319.500027 -38.868397 -282.264481 -11.476960 85.228938 17.853266
1321.210451 -38.383017 -283.598190 -9.029110 84.921286 15.649638
1323.425142 -38.393351 -283.486306 -8.800988 84.452622 15.515027
1325.622043 -38.623583 -283.652778 -5.872184 84.178414 12.557086
1327.345078 -38.760055 -282.267587 -5.872184 84.178414 12.557086
1325.226338 -38.582994 -282.850197 -8.221873 84.147640 14.919225
1327.418026 -38.527098 -282.642594 -8.412646 84.135535 15.079363
1327.640952 -38.274021 -284.822178 -8.412646 84.135535 15.079363
1328.248906 -38.449819 -282.704839 -10.072623 84.804191 16.752055
1330.430715 -38.317548 -282.589758 -11.653424 84.873082 17.954380
1331.374844 -38.188484 -284.559586 -10.934172 84.533298 17.202463
1333.495256 -37.711891 -284.844286 -11.644657 84.360668 17.886600
1333.495256 -37.711891 -284.844286 -11.644657 84.360668 17.886600
1335.604928 -38.291381 -284.877042 -8.531015 84.238719 14.481404
1335.655754 -37.928404 -287.028055 -6.678997 80.759058 12.536800
1333.619545 -37.607626 -287.717340 -6.678997 80.759058 12.536800
1333.516521 -37.406020 -289.876860 -6.557739 80.606012 12.399831
1331.348656 -37.415865 -289.871347 -6.611903 80.434278 12.502076
1330.990906 -37.631789 -287.744794 -6.611903 80.434278 12.502076
1332.149041 -38.195350 -286.009974 2.051899 85.841690 3.780572
1334.307519 -38.223158 -285.885566 3.243265 85.938997 2.864589
1334.460798 -37.992768 -288.035697 3.243265 85.938997 2.864589
1336.552332 -37.894964 -288.507852 2.563152 85.717473 3.640442
1338.522487 -37.808552 -287.681417 1.832181 85.886648 4.465323
1340.305143 -37.471776 -288.834894 1.223894 85.458335 5.149894
1342.428344 -37.470333 -289.086552 2.415878 85.164640 4.137841
1343.175155 -37.842059 -287.123031 11.304397 88.542573 -4.357705
1345.141972 -37.904345 -286.306244 0.213664 88.624445 6.868335
1347.165163 -37.703213 -286.957486 -0.930525 88.267102 8.071460
1348.897269 -37.016892 -287.976752 4.003239 87.939290 2.985671
1346.972707 -36.657683 -288.802346 8.835100 88.051521 -1.887348
1346.901412 -36.914413 -286.697104 8.835100 88.051521 -1.887348
1349.017797 -36.901972 -286.770583 10.823988 87.166909 -3.719162
1348.462663 -36.306324 -288.724303 5.477718 86.157044 1.596641
1350.214646 -37.307682 -288.127797 9.814324 86.176584 -2.726611
1352.257224 -37.405600 -287.655238 9.224377 85.939915 -2.147631
1352.109946 -37.665422 -285.569132 9.224377 85.939915 -2.147631
1353.870500 -37.999198 -284.529899 8.745965 86.218267 -1.493845
1355.870597 -38.022896 -285.089635 8.334905 85.609690 -0.918927
1357.913553 -38.016079 -284.850852 8.241843 85.518432 -0.746988
1359.964915 -38.061257 -284.751458 8.217512 85.517367 -0.623173
1361.970117 -38.117517 -284.398720 11.420673 85.782126 -3.935477
1360.795596 -38.007858 -286.047754 11.175748 85.823655 -3.693366
1360.398176 -37.760949 -288.011778 12.283521 86.214668 -4.793147
1362.389354 -37.879550 -287.820129 12.280548 86.225722 -4.792844
1364.045134 -37.807680 -288.958835 10.407935 86.005626 -3.000323
1366.024860 -37.844781 -288.813768 10.061136 85.994870 -2.752601
1367.987671 -37.957417 -288.566490 9.540419 85.774967 -2.266854
1369.861199 -37.797891 -289.180544 9.076912 85.557392 -1.816839
1371.822203 -37.788189 -289.174554 10.380463 85.816183 -3.063556
1373.708240 -38.069524 -288.698197 14.332637 85.978061 -6.994207
1375.626392 -38.446057 -288.750943 17.373408 85.937632 -10.067573
1377.566062 -38.374491 -288.907078 17.000385 85.831668 -9.922184
1379.470009 -38.315315 -289.236643 18.110838 85.891407 -10.913748
1380.539671 -38.639395 -290.797669 19.116757 85.306220 -11.784878
1382.411205 -38.704549 -290.430862 23.088251 85.827596 -15.594722
1384.286548 -38.644495 -290.688113 20.409637 85.485549 -12.836906
1386.151667 -38.840239 -290.685813 21.544637 85.462282 -13.508451
1387.969715 -38.831047 -290.292961 21.184745 85.331438 -12.644967
1386.719370 -38.127726 -291.452596 22.760179 85.336634 -13.787164
1385.153825 -37.999971 -292.396493 22.760179 85.336634 -13.787164
1385.017218 -38.285496 -290.602045 22.760179 85.336634 -13.787164
1386.710559 -38.376290 -291.223182 22.868413 85.146380 -13.710172
1388.333714 -38.328311 -291.978940 22.274233 84.853649 -12.999701
1389.928631 -38.436908 -291.201611 24.591583 85.248759 -15.072749
1391.654654 -38.460494 -290.864829 27.700415 85.663286 -18.123363
1393.306069 -38.592481 -290.336289 34.479660 86.360147 -24.799445
1395.006743 -38.567860 -290.088903 39.280066 86.806068 -29.714821
1396.557708 -38.721601 -289.400136 47.141868 87.206552 -37.666745
1398.242640 -38.819742 -289.441721 50.695948 87.223952 -41.382645
1399.912856 -38.812395 -289.392920 59.521190 87.346254 -49.923950
1401.559563 -38.710626 -289.417778 63.635693 87.532414 -53.993743
1403.193949 -38.704880 -289.514804 71.877769 87.660058 -62.085728
1404.800695 -38.703811 -289.447547 89.902391 87.774829 -80.098853
1406.365502 -38.685563 -289.844171 83.410599 87.645127 -73.417866
1407.957833 -38.674867 -289.657759 110.919722 87.482165 -100.922143
1409.480561 -38.536265 -289.981603 123.552464 87.129342 -113.340338
1411.056186 -38.572899 -290.111744 136.192595 86.369860 -125.639925
1412.608349 -38.456173 -290.315545 144.350210 85.638601 -133.758974
1414.137571 -38.417336 -290.425544 151.144048 84.927920 -140.132626
1415.695304 -38.416584 -290.441873 157.304021 83.553365 -146.049503
1417.206509 -38.420887 -290.420800 162.381301 82.288034 -150.879895
1418.048532 -38.569095 -289.132193 175.765455 71.194580 -164.051801
1419.574660 -38.459456 -289.328756 176.883341 69.073358 -164.795729
1421.003170 -38.385271 -289.766485 177.274120 67.629055 -165.052227
1422.420868 -38.303458 -290.359045 177.431334 66.417650 -165.221255
1423.837787 -38.029455 -290.893343 178.912393 64.908833 -166.383937
1424.951166 -38.216114 -291.846877 178.421673 63.770142 -166.173739
1426.279328 -37.961510 -292.569731 -179.946291 62.635277 -167.077905
1427.495751 -37.911466 -293.394510 -179.847880 61.200165 -167.040404
1426.754874 -37.605256 -294.706926 -179.847880 61.200165 -167.040404
1427.936393 -37.410221 -295.669160 179.883581 60.157166 -166.586373
1428.705930 -37.266572 -296.907951 179.788668 59.138835 -166.362086
1429.692267 -37.337970 -298.078368 179.368210 57.950067 -166.289657
1431.008818 -37.027453 -298.775434 179.571652 56.218599 -166.723233
1431.896611 -36.859063 -299.923142 179.729175 55.509695 -166.661763
1433.162981 -36.682766 -300.752701 179.824723 53.853775 -166.696874
1433.694917 -36.506626 -302.095262 179.745450 52.708446 -166.614815
1435.031289 -36.422717 -302.826014 179.998521 50.844029 -166.673173
1436.382702 -36.197039 -303.498058 -179.675807 48.825617 -166.883042
1437.438940 -36.030497 -304.479272 -179.565187 47.244238 -166.797611
1438.378605 -35.830803 -305.658558 -179.624006 46.332353 -166.753272
1439.474682 -35.601539 -306.677901 -179.585491 44.639978 -166.746659
1440.516592 -35.435551 -307.690198 -179.639396 42.799707 -166.673003
1441.659085 -35.242461 -308.668537 -179.611029 40.892378 -166.650542
1443.050994 -34.876212 -308.456118 -179.315017 37.391662 -167.573909
1443.986974 -34.600962 -309.611475 -178.882275 35.610944 -167.795187
1444.183811 -34.348136 -311.084155 -179.320515 34.039754 -167.759078
1444.891053 -34.084994 -312.336886 -179.206726 32.408159 -167.773491
1445.808020 -33.859484 -313.518092 -179.137056 30.748834 -167.735260
1446.617873 -33.652647 -314.775590 -178.995022 29.312684 -167.708021
1447.370152 -33.399723 -316.004269 -179.231112 27.798376 -167.600312
1447.813002 -33.296598 -317.441501 -179.368012 26.060266 -167.372579
1448.602381 -32.943235 -318.682009 -178.841961 24.606738 -167.576416
1448.726020 -32.713018 -320.125411 -178.984697 23.283789 -167.604402
1449.237766 -32.295858 -321.484350 -178.567015 22.047336 -167.820409
1450.696364 -32.455316 -321.378747 -178.132632 13.778454 -167.222490
1451.091221 -32.184119 -322.812874 -178.159955 12.065958 -167.128855
1451.444377 -31.858798 -324.247969 -178.108072 10.688380 -167.136990
1451.740274 -31.529768 -325.661970 -178.101227 9.020087 -167.355716
1451.257632 -31.292479 -327.075406 -178.106043 7.776859 -167.467427
1451.335528 -31.000698 -328.561025 -177.773411 6.546539 -167.707118
1451.583966 -30.764726 -330.013179 -177.836107 4.979538 -167.615814
1451.509503 -30.554510 -331.521091 -177.712921 3.465301 -167.543804
1451.501610 -30.252430 -332.987771 -177.783790 2.124015 -167.426700
1451.523227 -29.991789 -334.496408 -177.674965 0.535303 -167.142595
1452.013865 -29.609795 -335.894574 -177.295377 -1.207642 -167.193625
1451.785635 -29.401350 -337.368100 -177.452919 -2.180634 -167.221557
1450.286221 -29.349805 -337.666976 -177.324169 -3.022276 -167.166107
1450.019478 -29.125139 -339.159127 -177.482103 -4.688060 -167.031529
1450.148375 -28.880141 -340.652827 -177.423295 -6.295281 -166.947467
1450.025827 -28.535608 -342.142000 -177.368873 -8.204060 -166.923059
1451.336946 -28.190027 -342.849046 -177.208462 -13.104952 -167.603945
1451.042389 -27.868230 -344.308770 -177.294371 -15.048447 -167.518739
1450.450903 -27.561524 -345.685755 -177.153721 -16.535969 -167.476479
1449.996353 -27.278509 -347.113960 -177.209785 -18.263886 -167.383336
1449.326040 -27.112758 -348.483452 -177.035830 -20.164033 -167.275454
1448.791987 -26.849753 -349.896067 -176.876552 -21.769358 -167.178778
1448.791987 -26.849753 -349.896067 -176.876552 -21.769358 -167.178778
1447.706890 -26.518617 -350.919137 -176.650444 -24.621985 -167.038863
1447.830970 -26.351230 -352.430155 -176.451599 -26.676795 -166.913751
1447.594526 -26.006672 -353.908157 -176.382998 -28.413288 -166.776484
1447.207074 -25.612866 -355.322061 -176.257331 -30.324327 -167.028025
1446.305438 -25.274602 -356.520851 -175.840169 -31.925076 -166.990622
1446.431614 -25.378223 -358.030099 -175.127965 -34.157720 -166.342029
1445.244216 -25.323991 -358.970681 -175.432614 -35.582105 -166.185890
1444.214296 -25.148694 -360.105433 -175.103831 -37.001123 -166.035814
1443.409607 -24.799178 -361.344296 -174.971202 -38.780527 -166.050245
1442.832402 -24.602231 -362.736249 -174.937007 -40.770960 -165.875818
1442.326038 -24.428994 -364.194667 -174.567977 -42.714804 -165.655205
1441.339230 -24.133174 -365.319173 -174.367897 -44.404160 -165.454021
1440.878675 -23.763855 -366.767104 -174.033046 -46.394930 -165.303345
1440.618361 -23.665255 -368.273015 -173.681143 -48.150064 -165.048889
1439.116627 -23.643263 -368.584584 -173.977169 -48.894875 -164.914869
1437.800996 -23.583974 -369.447128 -173.532127 -50.586494 -164.624643
1437.013103 -23.384397 -370.760405 -173.161776 -52.249251 -164.293911
1435.646170 -23.218212 -371.474590 -172.696062 -53.526745 -164.037278
1434.312361 -23.030853 -372.318746 -172.275728 -54.926313 -163.788610
1433.078727 -22.782786 -373.240877 -171.807873 -56.271647 -163.590214
1431.773829 -22.604433 -374.097317 -170.940241 -57.369534 -162.884238
1431.425167 -22.307539 -375.638855 -170.214501 -59.957163 -162.212921
1430.009833 -22.405387 -374.944922 -169.830862 -60.845882 -161.896414
1430.049451 -22.209729 -376.550152 -168.816461 -63.730541 -160.594295
1428.592907 -22.187999 -377.200102 -168.149049 -65.037226 -159.747112
1427.176870 -22.079127 -377.945169 -167.526909 -66.088363 -159.124805
1425.657857 -21.916144 -378.514532 -167.010444 -67.024222 -158.576717
1424.142436 -21.730381 -379.050492 -166.821757 -67.770841 -158.775661
1422.650979 -21.539965 -379.671030 -166.301267 -68.495421 -158.152489
1421.186173 -21.319418 -380.390133 -165.635771 -69.397243 -157.527827
1419.562837 -21.311458 -380.141873 -165.245734 -69.985275 -157.013102
1420.083588 -20.900374 -381.651877 -162.046451 -75.533129 -153.734612
1418.490827 -20.729112 -382.115771 -161.116487 -76.174609 -152.754439
1417.155644 -20.419123 -383.061185 -159.422022 -77.840836 -151.507589
1415.528106 -20.284935 -383.462596 -158.560993 -78.282903 -150.536395
1413.941700 -19.754342 -383.402762 -158.264638 -78.566666 -150.894243
1412.357541 -19.428604 -383.924380 -157.040866 -78.921699 -150.224874
1410.700576 -19.380057 -384.290154 -156.664354 -79.031139 -149.603538
1409.010789 -19.272069 -384.427378 -155.432026 -79.421921 -148.008007
1407.315272 -19.152809 -384.559942 -154.947644 -79.402618 -147.338224
1405.620364 -19.057175 -384.678578 -154.571393 -79.651895 -146.729244
1403.948638 -18.882811 -384.398651 -154.085228 -79.857834 -146.214092
1402.247313 -18.845713 -384.547260 -153.459567 -80.078148 -145.593925
1400.560672 -18.864433 -384.800357 -152.733220 -80.303265 -144.901504
1398.863971 -18.763301 -384.956948 -153.285425 -80.414204 -145.347962
1397.176701 -18.585206 -385.121519 -152.635374 -80.629852 -144.684745
1395.488883 -18.491924 -385.381868 -152.640515 -80.668502 -144.719336
1393.817492 -18.615729 -385.052595 -153.685927 -80.274419 -145.629453
1392.242330 -18.529400 -385.719986 -152.663732 -80.579509 -144.567343
1393.864797 -18.353861 -386.232918 -152.897535 -80.491488 -144.697290
1392.183864 -18.153938 -386.485452 -151.798542 -80.709575 -143.510876
1392.183864 -18.153938 -386.485452 -151.798542 -80.709575 -143.510876
1390.599407 -18.024685 -387.127003 -147.118529 -81.610528 -138.464675
1388.976183 -17.688782 -387.560046 -146.065877 -81.674055 -137.646744
1387.261012 -17.728694 -387.598808 -146.065877 -81.674055 -137.646744
1385.556888 -17.641764 -387.723295 -146.065877 -81.674055 -137.646744
1383.951843 -17.855817 -387.165476 -146.065877 -81.674055 -137.646744
1383.747427 -18.094910 -385.493341 -146.065877 -81.674055 -137.646744
1382.205582 -17.823147 -386.143707 -145.646204 -81.832780 -136.950139
1380.648867 -17.766895 -385.503417 -146.649249 -81.985104 -137.844710
1379.033868 -17.543762 -385.903708 -145.937606 -82.312557 -137.237450
1378.728566 -16.954918 -387.443410 -144.895483 -82.910579 -135.892198
1377.081088 -16.976410 -387.710004 -145.163022 -82.814047 -136.093572
1375.431090 -16.839575 -387.863751 -144.035796 -83.011002 -134.958969
1373.788345 -16.658183 -387.939843 -143.045217 -82.902026 -134.057641
1372.146571 -16.516929 -388.003972 -142.827025 -82.971821 -133.972330
1370.933903 -16.373233 -389.082858 -138.871310 -83.578108 -129.997413
1369.324400 -16.336700 -389.329164 -133.617523 -84.123567 -124.595200
1367.821089 -16.110654 -389.847457 -124.284175 -84.928486 -114.817168
1367.741843 -16.369231 -388.279144 -124.284175 -84.928486 -114.817168
1367.662371 -16.628543 -386.706382 -124.284175 -84.928486 -114.817168
1366.110162 -16.483199 -386.597813 -119.692029 -85.205650 -110.261741
1364.553655 -16.510735 -386.815338 -109.962423 -85.431063 -100.388989
1363.020011 -16.463086 -386.885007 -96.573969 -85.791582 -87.262927
1361.508956 -16.358689 -386.897100 -80.200243 -85.998292 -70.646662
1360.001091 -16.252957 -386.611690 -64.219785 -85.894359 -54.673384
1358.547335 -16.141987 -386.909357 -46.198247 -85.128160 -36.574445
1357.099419 -16.055373 -387.168909 -35.548020 -83.942345 -25.896841
1355.593865 -15.956866 -387.243494 -29.104423 -82.698391 -19.247528
1354.153426 -15.925858 -387.111065 -24.484078 -81.391723 -14.495211
1352.648814 -15.870726 -386.934164 -20.645863 -79.820496 -10.561819
1351.207771 -15.852869 -386.690130 -17.910467 -78.300508 -7.476544
1349.791319 -15.746343 -386.443209 -14.573126 -76.800502 -4.555654
1348.385813 -15.795873 -385.869156 -12.520367 -75.704822 -2.963749
1346.970753 -15.690416 -385.650456 -10.667180 -74.000035 -0.965392
1345.694722 -15.851433 -385.005436 -10.001208 -72.950682 -0.335593
1344.219545 -15.825656 -384.628301 -8.770001 -71.131661 1.096592
1342.872744 -15.818689 -384.157405 -8.027945 -69.173923 1.615904
1341.444568 -15.847850 -383.608989 -7.152825 -67.061620 2.498761
1340.117475 -15.915545 -383.127699 -6.841998 -64.878030 3.179147
1338.829435 -15.935090 -382.579431 -5.757719 -62.601429 4.435262
1337.506078 -16.059912 -381.833951 -5.045261 -60.585293 4.729986
1336.386789 -16.228855 -381.010236 -4.795478 -58.909827 5.007219
1335.097807 -16.280674 -380.488758 -4.347065 -56.724604 5.399321
1333.798199 -16.445689 -379.720357 -3.520759 -54.319601 5.963013
1333.328638 -16.673918 -378.431924 -3.265557 -52.662802 6.200400
1331.984535 -16.855316 -377.752484 -2.942056 -50.708030 6.385599
1331.001754 -17.076811 -376.805550 -2.654132 -48.718020 6.546367
1329.761676 -17.263667 -376.223951 -2.010556 -46.144967 7.062015
1328.605360 -17.421195 -375.275729 -1.569719 -43.633623 7.477422
1327.252233 -17.408876 -375.563913 -0.906588 -33.924940 7.638797
1326.615012 -17.609261 -374.357019 -0.739472 -32.267424 7.701475
1325.758913 -17.723371 -373.131976 -0.825505 -29.998097 8.113268
1325.140846 -17.913302 -371.909014 -0.664616 -27.978540 8.157263
1324.699719 -18.201617 -370.513738 -0.255143 -26.173254 8.235668
1323.448922 -18.357884 -369.946789 0.021970 -23.984433 8.506618
1322.940748 -18.567317 -368.662981 0.098850 -22.624032 8.444777
1321.767755 -18.767070 -367.776584 0.145289 -20.315778 8.411813
1320.377513 -18.857292 -367.595671 0.574025 -9.382969 8.030483
1319.833441 -19.275167 -366.371379 0.996242 -7.557727 8.012121
1320.511979 -19.563225 -365.083494 1.192998 -7.948909 7.984029
1321.574167 -19.961526 -364.252244 1.498764 -10.112981 7.318688
1320.235522 -19.939373 -363.812835 1.912231 -0.599317 7.858437
1320.379739 -20.200373 -362.342160 2.206692 0.805742 7.464786
1320.203210 -20.486379 -360.966741 2.431986 3.389490 7.102894
1320.303722 -20.678242 -359.482602 2.210072 5.795304 7.674160
1320.443154 -20.863460 -358.099614 2.355867 7.812162 8.246517
1320.999179 -21.116098 -356.818612 2.285833 9.560009 8.403916
1321.125291 -21.324625 -355.332274 2.071891 11.715111 8.015659
1321.508877 -21.457624 -353.952057 2.425072 13.526310 7.702699
1322.091353 -21.587364 -352.646835 2.745255 15.359235 7.652236
1322.525058 -21.864689 -351.236634 2.849711 17.063787 7.834971
1323.762229 -22.225930 -350.607046 3.025341 14.296360 6.833926
1324.481547 -22.422603 -349.303769 2.982003 16.253996 6.959775
1323.405265 -22.564963 -348.347668 3.297171 27.201835 7.028289
1322.360827 -22.786661 -347.367883 4.323203 39.385396 6.010015
1321.941439 -22.351978 -345.993313 1.786575 46.335552 9.300950
1323.146723 -22.384268 -345.177859 1.557020 47.999292 9.572660
1321.695377 -22.423111 -345.381642 1.458613 49.983628 9.524082
1321.417095 -22.672089 -343.923565 1.702526 61.078281 9.563785
1319.977758 -22.709849 -344.276115 1.808186 62.666841 9.546678
1321.334585 -22.740178 -344.948453 2.506899 61.930370 8.662041
1322.811459 -22.815912 -344.676797 3.084684 62.571461 7.996288
1323.506966 -22.548912 -345.992583 3.084684 62.571461 7.996288
1324.209922 -22.279052 -347.322461 3.084684 62.571461 7.996288
1325.616356 -22.397703 -346.743382 3.278942 63.320682 7.857146
1326.304150 -22.123652 -348.087294 3.278942 63.320678 7.857146
1327.589944 -22.357421 -347.265206 3.638280 64.318667 7.477235
1326.558774 -22.132521 -348.433521 4.015190 63.770769 7.360444
1325.073880 -22.207112 -348.870032 4.969732 64.608305 6.583033
1323.514886 -22.194303 -349.071952 5.208961 65.381011 6.377342
1321.995263 -22.096151 -349.479813 5.115509 66.009598 6.621616
1322.287255 -22.384492 -347.947767 5.543012 67.830741 6.251512
1320.709052 -22.345835 -348.246569 5.729983 68.541210 6.064756
1321.756668 -22.373950 -347.017919 5.933222 69.196414 5.725772
1320.245735 -22.281875 -347.544552 6.006145 69.436408 5.654720
1321.794776 -22.305845 -347.079163 5.944317 69.511820 5.753906
1322.365103 -21.984011 -348.580833 5.944317 69.511820 5.753906
1323.822447 -22.008882 -347.813009 6.386466 69.624503 5.403201
1325.465018 -22.130976 -348.046372 6.860642 69.851032 5.076226
1326.765929 -22.292726 -347.035780 6.925575 70.647683 4.995838
1327.315018 -21.956077 -348.575690 6.925575 70.647683 4.995838
1328.793868 -22.113452 -347.789413 7.024172 70.889896 4.906861
1330.226567 -22.246587 -346.843725 6.347674 71.117001 5.513228
1331.278131 -22.437914 -345.572478 6.759419 71.764274 5.312743
