1305033527.6700 1.4906 -1.1681 0.6610 -0.8959 -0.0713 0.0460 0.4361
1305033527.7020 1.4909 -1.1758 0.6597 -0.8976 -0.0681 0.0439 0.4332
1305033527.7339 1.4887 -1.1857 0.6574 -0.8995 -0.0671 0.0409 0.4297
1305033527.7699 1.4903 -1.1909 0.6561 -0.9018 -0.0671 0.0398 0.4250
1305033527.8020 1.4914 -1.1972 0.6551 -0.9034 -0.0670 0.0376 0.4217
1305033527.8339 1.4925 -1.2028 0.6541 -0.9052 -0.0650 0.0364 0.4184
1305033527.8699 1.4940 -1.2080 0.6538 -0.9067 -0.0616 0.0360 0.4158
1305033527.9020 1.4966 -1.2111 0.6535 -0.9081 -0.0560 0.0364 0.4134
1305033527.9339 1.4966 -1.2151 0.6528 -0.9090 -0.0505 0.0356 0.4123
1305033527.9700 1.4961 -1.2184 0.6531 -0.9099 -0.0467 0.0344 0.4107
1305033528.0020 1.4975 -1.2216 0.6531 -0.9105 -0.0437 0.0344 0.4097
1305033528.0340 1.4967 -1.2257 0.6528 -0.9113 -0.0418 0.0336 0.4083
1305033528.0701 1.4949 -1.2256 0.6532 -0.9119 -0.0406 0.0326 0.4071
1305033528.1020 1.4947 -1.2248 0.6543 -0.9125 -0.0396 0.0326 0.4058
1305033528.1340 1.4948 -1.2205 0.6566 -0.9132 -0.0387 0.0324 0.4045
1305033528.1699 1.4950 -1.2172 0.6580 -0.9128 -0.0377 0.0324 0.4053
1305033528.2020 1.4940 -1.2126 0.6580 -0.9123 -0.0358 0.0333 0.4065
1305033528.2340 1.4940 -1.2086 0.6581 -0.9119 -0.0349 0.0353 0.4075
1305033528.2700 1.4975 -1.2042 0.6553 -0.9111 -0.0363 0.0371 0.4088
1305033528.3020 1.5004 -1.1975 0.6537 -0.9107 -0.0383 0.0358 0.4098
1305033528.3340 1.4998 -1.1924 0.6521 -0.9103 -0.0393 0.0331 0.4108
1305033528.3700 1.5005 -1.1841 0.6521 -0.9104 -0.0397 0.0330 0.4105
1305033528.4021 1.5022 -1.1764 0.6541 -0.9101 -0.0408 0.0332 0.4110
1305033528.4339 1.5019 -1.1676 0.6556 -0.9099 -0.0421 0.0315 0.4114
1305033528.4700 1.5024 -1.1602 0.6551 -0.9093 -0.0426 0.0312 0.4129
1305033528.5023 1.5027 -1.1510 0.6547 -0.9091 -0.0427 0.0323 0.4132
1305033528.5340 1.5045 -1.1390 0.6553 -0.9091 -0.0441 0.0344 0.4127
1305033528.5700 1.5068 -1.1260 0.6562 -0.9087 -0.0466 0.0363 0.4132
1305033528.6019 1.5088 -1.1131 0.6566 -0.9078 -0.0502 0.0378 0.4147
1305033528.6340 1.5103 -1.1025 0.6551 -0.9066 -0.0531 0.0395 0.4167
1305033528.6700 1.5148 -1.0919 0.6537 -0.9063 -0.0535 0.0432 0.4169
1305033528.7020 1.5207 -1.0775 0.6560 -0.9068 -0.0521 0.0462 0.4158
1305033528.7340 1.5206 -1.0650 0.6551 -0.9064 -0.0508 0.0462 0.4167
1305033528.7700 1.5265 -1.0509 0.6548 -0.9065 -0.0505 0.0485 0.4164
1305033528.8020 1.5326 -1.0369 0.6544 -0.9063 -0.0491 0.0498 0.4167
1305033528.8344 1.5353 -1.0234 0.6545 -0.9066 -0.0460 0.0503 0.4165
1305033528.8702 1.5381 -1.0106 0.6553 -0.9070 -0.0444 0.0512 0.4156
1305033528.9021 1.5404 -0.9950 0.6580 -0.9075 -0.0437 0.0515 0.4146
1305033528.9343 1.5459 -0.9821 0.6551 -0.9066 -0.0436 0.0532 0.4163
1305033528.9699 1.5525 -0.9662 0.6539 -0.9065 -0.0432 0.0536 0.4165
1305033529.0024 1.5542 -0.9538 0.6524 -0.9061 -0.0423 0.0506 0.4180
1305033529.0339 1.5562 -0.9393 0.6527 -0.9064 -0.0424 0.0495 0.4174
1305033529.0699 1.5592 -0.9244 0.6556 -0.9062 -0.0440 0.0496 0.4176
1305033529.1019 1.5608 -0.9080 0.6584 -0.9056 -0.0461 0.0492 0.4186
1305033529.1340 1.5630 -0.8921 0.6604 -0.9048 -0.0475 0.0498 0.4203
1305033529.1700 1.5654 -0.8765 0.6629 -0.9040 -0.0480 0.0506 0.4218
1305033529.2019 1.5692 -0.8590 0.6652 -0.9037 -0.0470 0.0512 0.4224
1305033529.2339 1.5714 -0.8432 0.6685 -0.9032 -0.0464 0.0499 0.4239
1305033529.2702 1.5712 -0.8311 0.6670 -0.9014 -0.0448 0.0488 0.4278
1305033529.3021 1.5729 -0.8156 0.6697 -0.9009 -0.0438 0.0496 0.4290
1305033529.3340 1.5751 -0.8007 0.6699 -0.8992 -0.0435 0.0492 0.4325
1305033529.3699 1.5745 -0.7858 0.6708 -0.8980 -0.0430 0.0470 0.4354
1305033529.4021 1.5738 -0.7717 0.6732 -0.8972 -0.0428 0.0457 0.4371
1305033529.4343 1.5739 -0.7565 0.6750 -0.8967 -0.0423 0.0451 0.4383
1305033529.4701 1.5741 -0.7403 0.6775 -0.8961 -0.0425 0.0449 0.4396
1305033529.5023 1.5757 -0.7252 0.6786 -0.8948 -0.0429 0.0451 0.4422
1305033529.5340 1.5762 -0.7102 0.6781 -0.8938 -0.0421 0.0448 0.4442
1305033529.5699 1.5737 -0.6957 0.6792 -0.8933 -0.0397 0.0434 0.4456
1305033529.6019 1.5712 -0.6812 0.6793 -0.8932 -0.0377 0.0433 0.4459
1305033529.6346 1.5742 -0.6640 0.6806 -0.8933 -0.0385 0.0437 0.4456
1305033529.6700 1.5763 -0.6488 0.6782 -0.8931 -0.0379 0.0410 0.4464
1305033529.7019 1.5725 -0.6305 0.6789 -0.8940 -0.0357 0.0367 0.4451
1305033529.7352 1.5721 -0.6131 0.6828 -0.8945 -0.0337 0.0352 0.4443
1305033529.7700 1.5682 -0.5946 0.6836 -0.8942 -0.0282 0.0347 0.4455
1305033529.8019 1.5653 -0.5794 0.6859 -0.8936 -0.0220 0.0367 0.4469
1305033529.8352 1.5647 -0.5633 0.6856 -0.8932 -0.0159 0.0395 0.4476
1305033529.8701 1.5646 -0.5494 0.6852 -0.8930 -0.0116 0.0401 0.4482
1305033529.9020 1.5612 -0.5321 0.6888 -0.8939 -0.0105 0.0379 0.4466
1305033529.9344 1.5579 -0.5186 0.6876 -0.8935 -0.0114 0.0369 0.4474
1305033529.9700 1.5572 -0.5015 0.6875 -0.8939 -0.0133 0.0373 0.4466
1305033530.0023 1.5561 -0.4841 0.6895 -0.8935 -0.0152 0.0369 0.4472
1305033530.0345 1.5549 -0.4686 0.6875 -0.8928 -0.0148 0.0374 0.4486
1305033530.0701 1.5539 -0.4508 0.6885 -0.8928 -0.0147 0.0382 0.4485
1305033530.1026 1.5586 -0.4348 0.6928 -0.8928 -0.0160 0.0396 0.4483
1305033530.1340 1.5584 -0.4183 0.6937 -0.8926 -0.0175 0.0389 0.4487
1305033530.1700 1.5575 -0.4021 0.6925 -0.8922 -0.0178 0.0389 0.4495
1305033530.2025 1.5583 -0.3843 0.6904 -0.8921 -0.0190 0.0400 0.4498
1305033530.2343 1.5620 -0.3646 0.6895 -0.8924 -0.0204 0.0414 0.4488
1305033530.2701 1.5628 -0.3457 0.6912 -0.8928 -0.0217 0.0410 0.4480
1305033530.3025 1.5642 -0.3266 0.6894 -0.8925 -0.0225 0.0422 0.4486
1305033530.3344 1.5656 -0.3072 0.6871 -0.8922 -0.0228 0.0444 0.4490
1305033530.3700 1.5710 -0.2892 0.6839 -0.8919 -0.0247 0.0465 0.4492
1305033530.4023 1.5761 -0.2710 0.6802 -0.8921 -0.0262 0.0458 0.4487
1305033530.4339 1.5769 -0.2522 0.6793 -0.8930 -0.0258 0.0436 0.4471
1305033530.4700 1.5767 -0.2340 0.6779 -0.8937 -0.0252 0.0433 0.4458
1305033530.5032 1.5808 -0.2151 0.6745 -0.8941 -0.0250 0.0448 0.4450
1305033530.5341 1.5846 -0.1970 0.6746 -0.8950 -0.0258 0.0446 0.4431
1305033530.5700 1.5881 -0.1776 0.6743 -0.8957 -0.0275 0.0441 0.4416
1305033530.6031 1.5900 -0.1598 0.6740 -0.8963 -0.0306 0.0423 0.4404
1305033530.6346 1.5919 -0.1437 0.6718 -0.8964 -0.0329 0.0404 0.4402
1305033530.6701 1.5915 -0.1265 0.6732 -0.8966 -0.0347 0.0388 0.4397
1305033530.7029 1.5924 -0.1117 0.6719 -0.8962 -0.0355 0.0388 0.4404
1305033530.7338 1.5942 -0.0939 0.6744 -0.8967 -0.0351 0.0395 0.4395
1305033530.7701 1.5944 -0.0765 0.6737 -0.8961 -0.0350 0.0392 0.4407
1305033530.8026 1.5970 -0.0591 0.6766 -0.8956 -0.0354 0.0403 0.4417
1305033530.8340 1.5972 -0.0422 0.6765 -0.8943 -0.0355 0.0403 0.4442
1305033530.8700 1.5971 -0.0263 0.6792 -0.8928 -0.0356 0.0408 0.4473
1305033530.9032 1.5983 -0.0124 0.6782 -0.8906 -0.0358 0.0409 0.4516
1305033530.9354 1.5976 0.0001 0.6785 -0.8889 -0.0350 0.0397 0.4549
1305033530.9699 1.5979 0.0118 0.6784 -0.8874 -0.0328 0.0401 0.4581
1305033531.0019 1.5968 0.0221 0.6780 -0.8861 -0.0317 0.0400 0.4607
1305033531.0351 1.5948 0.0311 0.6788 -0.8851 -0.0325 0.0393 0.4626
1305033531.0701 1.5935 0.0366 0.6789 -0.8842 -0.0329 0.0395 0.4643
1305033531.1031 1.5931 0.0412 0.6792 -0.8840 -0.0331 0.0400 0.4646
1305033531.1348 1.5914 0.0459 0.6800 -0.8837 -0.0331 0.0397 0.4652
1305033531.1700 1.5886 0.0459 0.6801 -0.8829 -0.0334 0.0402 0.4667
1305033531.2034 1.5879 0.0454 0.6784 -0.8826 -0.0334 0.0418 0.4671
1305033531.2342 1.5871 0.0455 0.6778 -0.8834 -0.0317 0.0421 0.4657
1305033531.2727 1.5853 0.0440 0.6758 -0.8838 -0.0295 0.0423 0.4650
1305033531.3032 1.5845 0.0407 0.6742 -0.8844 -0.0286 0.0425 0.4639
1305033531.3350 1.5843 0.0366 0.6727 -0.8852 -0.0268 0.0422 0.4625
1305033531.3705 1.5840 0.0311 0.6701 -0.8865 -0.0235 0.0420 0.4602
1305033531.4033 1.5839 0.0270 0.6692 -0.8878 -0.0208 0.0417 0.4579
1305033531.4354 1.5862 0.0214 0.6669 -0.8885 -0.0186 0.0409 0.4566
1305033531.4703 1.5856 0.0154 0.6671 -0.8896 -0.0154 0.0384 0.4548
1305033531.5038 1.5848 0.0071 0.6666 -0.8905 -0.0118 0.0367 0.4534
1305033531.5349 1.5863 -0.0002 0.6679 -0.8915 -0.0097 0.0348 0.4515
1305033531.5715 1.5864 -0.0091 0.6667 -0.8918 -0.0068 0.0311 0.4513
1305033531.6036 1.5861 -0.0182 0.6684 -0.8929 -0.0033 0.0272 0.4494
1305033531.6356 1.5858 -0.0293 0.6673 -0.8933 0.0008 0.0230 0.4489
1305033531.6716 1.5880 -0.0381 0.6696 -0.8943 0.0050 0.0185 0.4470
1305033531.7034 1.5866 -0.0495 0.6715 -0.8945 0.0131 0.0133 0.4467
1305033531.7354 1.5836 -0.0608 0.6725 -0.8945 0.0234 0.0102 0.4464
1305033531.7714 1.5808 -0.0719 0.6739 -0.8943 0.0345 0.0083 0.4461
1305033531.8027 1.5807 -0.0830 0.6752 -0.8936 0.0429 0.0057 0.4468
1305033531.8338 1.5764 -0.0964 0.6756 -0.8927 0.0513 0.0010 0.4476
1305033531.8726 1.5722 -0.1099 0.6767 -0.8923 0.0575 -0.0015 0.4477
1305033531.9028 1.5714 -0.1216 0.6766 -0.8922 0.0610 -0.0032 0.4475
1305033531.9339 1.5704 -0.1327 0.6769 -0.8921 0.0654 -0.0071 0.4470
1305033531.9715 1.5670 -0.1438 0.6811 -0.8919 0.0710 -0.0112 0.4464
1305033532.0032 1.5635 -0.1578 0.6813 -0.8908 0.0774 -0.0138 0.4476
1305033532.0338 1.5633 -0.1735 0.6801 -0.8902 0.0846 -0.0150 0.4475
1305033532.0716 1.5611 -0.1880 0.6769 -0.8898 0.0933 -0.0175 0.4464
1305033532.1019 1.5581 -0.2007 0.6765 -0.8902 0.1007 -0.0204 0.4438
1305033532.1351 1.5551 -0.2129 0.6768 -0.8909 0.1051 -0.0236 0.4412
1305033532.1712 1.5531 -0.2263 0.6784 -0.8914 0.1090 -0.0267 0.4390
1305033532.2036 1.5480 -0.2387 0.6797 -0.8917 0.1140 -0.0291 0.4371
1305033532.2339 1.5478 -0.2519 0.6798 -0.8919 0.1177 -0.0292 0.4357
1305033532.2717 1.5474 -0.2623 0.6812 -0.8925 0.1220 -0.0311 0.4332
1305033532.3034 1.5433 -0.2747 0.6826 -0.8925 0.1262 -0.0336 0.4317
1305033532.3354 1.5416 -0.2845 0.6835 -0.8928 0.1281 -0.0351 0.4303
1305033532.3718 1.5407 -0.2959 0.6860 -0.8931 0.1291 -0.0367 0.4294
1305033532.4032 1.5396 -0.3072 0.6867 -0.8931 0.1304 -0.0380 0.4289
1305033532.4351 1.5426 -0.3167 0.6891 -0.8933 0.1309 -0.0388 0.4283
1305033532.4719 1.5426 -0.3287 0.6915 -0.8927 0.1305 -0.0426 0.4292
1305033532.5020 1.5411 -0.3396 0.6918 -0.8918 0.1320 -0.0461 0.4303
1305033532.5391 1.5421 -0.3516 0.6931 -0.8909 0.1330 -0.0478 0.4317
1305033532.5716 1.5422 -0.3656 0.6925 -0.8898 0.1344 -0.0497 0.4332
1305033532.6036 1.5428 -0.3795 0.6924 -0.8894 0.1359 -0.0510 0.4335
1305033532.6357 1.5411 -0.3922 0.6921 -0.8893 0.1366 -0.0540 0.4330
1305033532.6726 1.5391 -0.4036 0.6963 -0.8900 0.1352 -0.0576 0.4317
1305033532.7021 1.5386 -0.4167 0.6973 -0.8896 0.1339 -0.0596 0.4326
1305033532.7395 1.5400 -0.4320 0.6980 -0.8890 0.1338 -0.0606 0.4337
1305033532.7721 1.5413 -0.4482 0.6978 -0.8886 0.1345 -0.0622 0.4341
1305033532.8023 1.5433 -0.4640 0.6961 -0.8882 0.1365 -0.0645 0.4339
1305033532.8396 1.5442 -0.4779 0.6968 -0.8880 0.1415 -0.0683 0.4321
1305033532.8712 1.5432 -0.4913 0.6953 -0.8870 0.1494 -0.0717 0.4310
1305033532.9034 1.5422 -0.5048 0.6928 -0.8861 0.1570 -0.0744 0.4298
1305033532.9364 1.5436 -0.5209 0.6939 -0.8857 0.1646 -0.0776 0.4271
1305033532.9708 1.5457 -0.5333 0.6920 -0.8855 0.1718 -0.0820 0.4238
1305033533.0038 1.5445 -0.5469 0.6905 -0.8851 0.1794 -0.0884 0.4202
1305033533.0379 1.5445 -0.5569 0.6902 -0.8848 0.1894 -0.0939 0.4152
1305033533.0699 1.5469 -0.5676 0.6904 -0.8838 0.2011 -0.0981 0.4108
1305033533.1020 1.5489 -0.5744 0.6956 -0.8826 0.2145 -0.1021 0.4057
1305033533.1377 1.5496 -0.5825 0.6966 -0.8796 0.2279 -0.1064 0.4037
1305033533.1699 1.5519 -0.5912 0.6967 -0.8763 0.2398 -0.1112 0.4027
1305033533.2025 1.5543 -0.5980 0.6921 -0.8720 0.2526 -0.1178 0.4023
1305033533.2386 1.5506 -0.6034 0.6917 -0.8672 0.2682 -0.1263 0.4001
1305033533.2706 1.5495 -0.6063 0.6912 -0.8621 0.2848 -0.1338 0.3973
1305033533.3025 1.5464 -0.6109 0.6933 -0.8560 0.3014 -0.1417 0.3954
1305033533.3383 1.5454 -0.6164 0.6952 -0.8501 0.3169 -0.1492 0.3932
1305033533.3699 1.5454 -0.6213 0.7017 -0.8442 0.3337 -0.1571 0.3890
1305033533.4020 1.5369 -0.6224 0.7060 -0.8354 0.3532 -0.1651 0.3875
1305033533.4378 1.5295 -0.6257 0.7039 -0.8256 0.3725 -0.1696 0.3884
1305033533.4699 1.5233 -0.6297 0.7027 -0.8162 0.3907 -0.1741 0.3884
1305033533.5025 1.5162 -0.6330 0.7016 -0.8086 0.4028 -0.1819 0.3883
1305033533.5380 1.5102 -0.6390 0.7014 -0.8025 0.4117 -0.1899 0.3879
1305033533.5708 1.5026 -0.6451 0.7012 -0.7969 0.4201 -0.1974 0.3866
1305033533.6029 1.4973 -0.6502 0.7014 -0.7920 0.4296 -0.2025 0.3836
1305033533.6387 1.4943 -0.6548 0.7023 -0.7877 0.4386 -0.2064 0.3801
1305033533.6700 1.4896 -0.6628 0.7015 -0.7833 0.4458 -0.2120 0.3777
1305033533.7022 1.4815 -0.6677 0.7021 -0.7789 0.4540 -0.2180 0.3739
1305033533.7381 1.4789 -0.6751 0.7017 -0.7755 0.4611 -0.2212 0.3703
1305033533.7700 1.4733 -0.6814 0.7017 -0.7710 0.4680 -0.2276 0.3670
1305033533.8060 1.4669 -0.6845 0.7048 -0.7665 0.4751 -0.2337 0.3636
1305033533.8391 1.4580 -0.6867 0.7054 -0.7608 0.4825 -0.2404 0.3613
1305033533.8713 1.4522 -0.6931 0.7067 -0.7554 0.4907 -0.2446 0.3588
1305033533.9077 1.4430 -0.6982 0.7066 -0.7494 0.4988 -0.2504 0.3562
1305033533.9390 1.4371 -0.7038 0.7076 -0.7444 0.5065 -0.2544 0.3530
1305033533.9708 1.4315 -0.7093 0.7090 -0.7392 0.5136 -0.2580 0.3510
1305033534.0066 1.4233 -0.7128 0.7123 -0.7347 0.5195 -0.2628 0.3482
1305033534.0385 1.4164 -0.7184 0.7139 -0.7294 0.5255 -0.2677 0.3466
1305033534.0708 1.4050 -0.7223 0.7176 -0.7227 0.5324 -0.2738 0.3454
1305033534.1065 1.3947 -0.7272 0.7187 -0.7166 0.5385 -0.2782 0.3451
1305033534.1385 1.3849 -0.7358 0.7203 -0.7114 0.5445 -0.2815 0.3440
1305033534.1706 1.3753 -0.7390 0.7245 -0.7064 0.5520 -0.2855 0.3389
1305033534.2068 1.3599 -0.7410 0.7262 -0.7005 0.5589 -0.2916 0.3346
1305033534.2387 1.3472 -0.7455 0.7301 -0.6957 0.5669 -0.2933 0.3295
1305033534.2700 1.3363 -0.7506 0.7334 -0.6915 0.5737 -0.2943 0.3256
1305033534.3064 1.3241 -0.7535 0.7377 -0.6875 0.5800 -0.2965 0.3211
1305033534.3385 1.3118 -0.7576 0.7419 -0.6851 0.5835 -0.2980 0.3182
1305033534.3705 1.2998 -0.7600 0.7451 -0.6831 0.5867 -0.2995 0.3155
1305033534.4065 1.2857 -0.7630 0.7462 -0.6810 0.5894 -0.3027 0.3116
1305033534.4385 1.2721 -0.7662 0.7507 -0.6781 0.5949 -0.3039 0.3063
1305033534.4706 1.2566 -0.7712 0.7519 -0.6743 0.6006 -0.3053 0.3024
1305033534.5064 1.2466 -0.7723 0.7529 -0.6698 0.6077 -0.3072 0.2961
1305033534.5386 1.2347 -0.7747 0.7532 -0.6653 0.6135 -0.3093 0.2920
1305033534.5710 1.2235 -0.7776 0.7535 0.6614 -0.6185 0.3114 -0.2882
1305033534.6071 1.2110 -0.7824 0.7546 0.6569 -0.6237 0.3145 -0.2838
1305033534.6396 1.1994 -0.7826 0.7588 0.6504 -0.6310 0.3171 -0.2798
1305033534.6714 1.1880 -0.7829 0.7586 0.6436 -0.6372 0.3198 -0.2784
1305033534.7070 1.1740 -0.7823 0.7589 0.6370 -0.6430 0.3233 -0.2762
1305033534.7380 1.1631 -0.7863 0.7628 0.6311 -0.6496 0.3239 -0.2737
1305033534.7699 1.1471 -0.7817 0.7653 0.6235 -0.6555 0.3293 -0.2704
1305033534.8068 1.1342 -0.7792 0.7714 0.6169 -0.6622 0.3314 -0.2668
1305033534.8394 1.1176 -0.7758 0.7788 0.6095 -0.6692 0.3341 -0.2629
1305033534.8716 1.1017 -0.7732 0.7813 0.6028 -0.6746 0.3367 -0.2610
1305033534.9069 1.0885 -0.7719 0.7847 0.5975 -0.6796 0.3382 -0.2583
1305033534.9395 1.0736 -0.7695 0.7858 0.5928 -0.6835 0.3412 -0.2549
1305033534.9753 1.0570 -0.7643 0.7832 0.5867 -0.6881 0.3450 -0.2516
1305033535.0076 1.0426 -0.7550 0.7852 0.5790 -0.6956 0.3463 -0.2470
1305033535.0395 1.0250 -0.7513 0.7850 0.5726 -0.7025 0.3448 -0.2445
1305033535.0754 1.0097 -0.7493 0.7845 0.5685 -0.7078 0.3440 -0.2399
1305033535.1077 0.9904 -0.7501 0.7811 0.5645 -0.7117 0.3448 -0.2363
1305033535.1380 0.9756 -0.7419 0.7810 0.5603 -0.7170 0.3440 -0.2317
1305033535.1744 0.9629 -0.7344 0.7788 0.5570 -0.7215 0.3422 -0.2282
1305033535.2064 0.9507 -0.7270 0.7823 0.5545 -0.7251 0.3408 -0.2248
1305033535.2386 0.9378 -0.7195 0.7823 0.5526 -0.7273 0.3405 -0.2230
1305033535.2745 0.9253 -0.7161 0.7825 0.5519 -0.7286 0.3393 -0.2223
1305033535.3066 0.9114 -0.7134 0.7820 0.5509 -0.7301 0.3383 -0.2213
1305033535.3387 0.9006 -0.7112 0.7823 0.5507 -0.7317 0.3371 -0.2183
1305033535.3746 0.8912 -0.7070 0.7832 0.5500 -0.7333 0.3373 -0.2143
1305033535.4067 0.8827 -0.7018 0.7828 0.5475 -0.7359 0.3372 -0.2121
1305033535.4388 0.8744 -0.7005 0.7839 0.5459 -0.7378 0.3359 -0.2115
1305033535.4746 0.8665 -0.6985 0.7815 0.5442 -0.7389 0.3365 -0.2114
1305033535.5065 0.8591 -0.6969 0.7837 0.5432 -0.7398 0.3370 -0.2096
1305033535.5387 0.8519 -0.6956 0.7839 0.5426 -0.7398 0.3389 -0.2085
1305033535.5747 0.8432 -0.6940 0.7841 0.5415 -0.7403 0.3400 -0.2078
1305033535.6065 0.8376 -0.6938 0.7840 0.5398 -0.7419 0.3396 -0.2072
1305033535.6387 0.8315 -0.6920 0.7826 0.5383 -0.7427 0.3402 -0.2073
1305033535.6746 0.8246 -0.6915 0.7817 0.5372 -0.7432 0.3406 -0.2073
1305033535.7066 0.8196 -0.6895 0.7828 0.5363 -0.7445 0.3399 -0.2065
1305033535.7390 0.8133 -0.6895 0.7821 0.5353 -0.7449 0.3397 -0.2079
1305033535.7745 0.8083 -0.6875 0.7823 0.5353 -0.7451 0.3393 -0.2077
1305033535.8064 0.8016 -0.6875 0.7802 0.5348 -0.7452 0.3398 -0.2078
1305033535.8377 0.7968 -0.6875 0.7805 0.5344 -0.7463 0.3392 -0.2061
1305033535.8745 0.7918 -0.6856 0.7836 0.5333 -0.7474 0.3395 -0.2044
1305033535.9068 0.7849 -0.6845 0.7818 0.5310 -0.7486 0.3397 -0.2057
1305033535.9393 0.7798 -0.6834 0.7816 0.5294 -0.7499 0.3390 -0.2061
1305033535.9754 0.7746 -0.6813 0.7809 0.5289 -0.7499 0.3394 -0.2065
1305033536.0081 0.7669 -0.6819 0.7807 0.5307 -0.7489 0.3387 -0.2068
1305033536.0394 0.7604 -0.6820 0.7845 0.5324 -0.7492 0.3367 -0.2047
1305033536.0753 0.7577 -0.6801 0.7863 0.5327 -0.7502 0.3361 -0.2012
1305033536.1074 0.7530 -0.6784 0.7893 0.5316 -0.7516 0.3354 -0.2000
1305033536.1379 0.7491 -0.6754 0.7846 0.5299 -0.7526 0.3357 -0.2003
1305033536.1752 0.7456 -0.6760 0.7848 0.5288 -0.7538 0.3355 -0.1991
1305033536.2036 0.7417 -0.6746 0.7838 0.5276 -0.7547 0.3362 -0.1977
1305033536.2417 0.7386 -0.6768 0.7831 0.5274 -0.7552 0.3357 -0.1972
1305033536.2751 0.7377 -0.6776 0.7836 0.5272 -0.7559 0.3357 -0.1949
1305033536.3059 0.7369 -0.6785 0.7840 0.5262 -0.7570 0.3356 -0.1933
1305033536.3431 0.7362 -0.6796 0.7851 0.5253 -0.7579 0.3355 -0.1924
1305033536.3751 0.7356 -0.6811 0.7836 0.5237 -0.7589 0.3362 -0.1919
1305033536.4047 0.7373 -0.6810 0.7819 0.5212 -0.7606 0.3370 -0.1903
1305033536.4436 0.7400 -0.6823 0.7856 0.5197 -0.7624 0.3363 -0.1886
1305033536.4743 0.7422 -0.6835 0.7856 0.5185 -0.7632 0.3368 -0.1879
1305033536.5073 0.7447 -0.6841 0.7862 0.5169 -0.7638 0.3381 -0.1872
1305033536.5425 0.7487 -0.6855 0.7855 0.5151 -0.7646 0.3390 -0.1876
1305033536.5733 0.7534 -0.6873 0.7893 0.5140 -0.7655 0.3389 -0.1871
1305033536.6044 0.7582 -0.6906 0.7885 0.5125 -0.7657 0.3406 -0.1873
1305033536.6432 0.7631 -0.6930 0.7903 0.5106 -0.7664 0.3421 -0.1870
1305033536.6755 0.7680 -0.6964 0.7910 0.5090 -0.7669 0.3429 -0.1876
1305033536.7074 0.7730 -0.6997 0.7918 0.5069 -0.7678 0.3442 -0.1874
1305033536.7433 0.7805 -0.6988 0.7928 0.5042 -0.7690 0.3463 -0.1857
1305033536.7753 0.7870 -0.7048 0.7945 0.5016 -0.7704 0.3468 -0.1858
1305033536.8082 0.7930 -0.7064 0.7949 0.4988 -0.7713 0.3493 -0.1851
1305033536.8435 0.7984 -0.7105 0.7924 0.4959 -0.7717 0.3520 -0.1859
1305033536.8713 0.8049 -0.7136 0.7954 0.4935 -0.7727 0.3538 -0.1848
1305033536.9077 0.8102 -0.7132 0.7988 0.4904 -0.7738 0.3564 -0.1836
1305033536.9434 0.8165 -0.7143 0.7981 0.4865 -0.7753 0.3585 -0.1837
1305033536.9754 0.8213 -0.7191 0.7986 0.4838 -0.7762 0.3599 -0.1842
1305033537.0073 0.8265 -0.7242 0.7991 0.4812 -0.7773 0.3613 -0.1834
1305033537.0434 0.8311 -0.7325 0.8006 0.4794 -0.7783 0.3618 -0.1834
1305033537.0752 0.8381 -0.7332 0.8024 0.4766 -0.7795 0.3633 -0.1823
1305033537.1075 0.8433 -0.7365 0.8046 0.4742 -0.7806 0.3640 -0.1824
1305033537.1436 0.8496 -0.7415 0.8037 0.4722 -0.7808 0.3657 -0.1831
1305033537.1755 0.8546 -0.7429 0.8028 0.4701 -0.7809 0.3684 -0.1828
1305033537.2074 0.8608 -0.7434 0.8015 0.4679 -0.7811 0.3712 -0.1821
1305033537.2437 0.8647 -0.7476 0.8009 0.4662 -0.7815 0.3722 -0.1828
1305033537.2756 0.8703 -0.7513 0.7993 0.4626 -0.7835 0.3727 -0.1825
1305033537.3076 0.8766 -0.7542 0.7988 0.4588 -0.7856 0.3733 -0.1819
1305033537.3439 0.8826 -0.7555 0.8017 0.4554 -0.7880 0.3729 -0.1808
1305033537.3756 0.8883 -0.7588 0.8029 0.4524 -0.7897 0.3731 -0.1805
1305033537.4077 0.8950 -0.7605 0.7988 0.4484 -0.7914 0.3741 -0.1808
1305033537.4436 0.9034 -0.7635 0.7999 0.4452 -0.7935 0.3735 -0.1805
1305033537.4754 0.9124 -0.7663 0.7975 0.4419 -0.7948 0.3750 -0.1800
1305033537.5022 0.9208 -0.7706 0.7953 0.4388 -0.7961 0.3755 -0.1808
1305033537.5434 0.9278 -0.7734 0.7957 0.4361 -0.7970 0.3764 -0.1814
1305033537.5757 0.9346 -0.7795 0.7936 0.4326 -0.7983 0.3773 -0.1822
1305033537.6023 0.9451 -0.7813 0.7940 0.4278 -0.8009 0.3776 -0.1816
1305033537.6398 0.9537 -0.7880 0.7935 0.4237 -0.8026 0.3774 -0.1838
1305033537.6740 0.9626 -0.7936 0.7957 0.4207 -0.8043 0.3774 -0.1836
1305033537.7023 0.9699 -0.8031 0.7927 0.4176 -0.8050 0.3789 -0.1845
1305033537.7438 0.9772 -0.8110 0.7891 0.4142 -0.8058 0.3813 -0.1839
1305033537.7758 0.9830 -0.8173 0.7895 0.4095 -0.8078 0.3826 -0.1826
1305033537.8024 0.9914 -0.8218 0.7875 0.4026 -0.8114 0.3834 -0.1805
1305033537.8447 0.9976 -0.8266 0.7849 0.3959 -0.8146 0.3842 -0.1792
1305033537.8758 1.0033 -0.8336 0.7883 0.3908 -0.8181 0.3831 -0.1766
1305033537.9024 1.0085 -0.8415 0.7887 0.3865 -0.8211 0.3825 -0.1737
1305033537.9441 1.0135 -0.8496 0.7853 0.3813 -0.8235 0.3840 -0.1703
1305033537.9760 1.0199 -0.8558 0.7860 0.3755 -0.8273 0.3836 -0.1657
1305033538.0025 1.0257 -0.8653 0.7868 0.3698 -0.8308 0.3832 -0.1616
1305033538.0416 1.0314 -0.8732 0.7878 0.3648 -0.8337 0.3836 -0.1570
1305033538.0744 1.0382 -0.8807 0.7940 0.3607 -0.8366 0.3832 -0.1524
1305033538.1025 1.0458 -0.8905 0.7925 0.3575 -0.8373 0.3857 -0.1496
1305033538.1440 1.0497 -0.9001 0.7995 0.3547 -0.8385 0.3866 -0.1474
1305033538.1759 1.0550 -0.9096 0.7984 0.3502 -0.8390 0.3901 -0.1456
1305033538.2026 1.0625 -0.9189 0.7996 0.3443 -0.8406 0.3930 -0.1431
1305033538.2440 1.0688 -0.9277 0.8007 0.3374 -0.8421 0.3963 -0.1410
1305033538.2758 1.0754 -0.9359 0.8013 0.3310 -0.8434 0.4000 -0.1383
1305033538.3027 1.0802 -0.9405 0.8038 0.3248 -0.8445 0.4038 -0.1351
1305033538.3441 1.0878 -0.9446 0.8009 0.3178 -0.8455 0.4086 -0.1312
1305033538.3761 1.0944 -0.9508 0.8003 0.3121 -0.8464 0.4124 -0.1268
1305033538.4027 1.1005 -0.9579 0.8009 0.3066 -0.8474 0.4158 -0.1227
1305033538.4432 1.1096 -0.9594 0.7985 0.3006 -0.8478 0.4208 -0.1180
1305033538.4716 1.1146 -0.9653 0.7994 0.2953 -0.8485 0.4237 -0.1157
1305033538.5028 1.1206 -0.9705 0.8006 0.2887 -0.8493 0.4274 -0.1122
1305033538.5434 1.1300 -0.9711 0.7971 0.2803 -0.8499 0.4327 -0.1087
1305033538.5755 1.1346 -0.9791 0.7968 0.2724 -0.8512 0.4354 -0.1077
1305033538.6029 1.1379 -0.9850 0.7973 0.2652 -0.8521 0.4388 -0.1054
1305033538.6435 1.1468 -0.9894 0.7996 0.2568 -0.8535 0.4421 -0.1007
1305033538.6709 1.1528 -0.9918 0.8044 0.2484 -0.8550 0.4447 -0.0976
1305033538.7030 1.1575 -0.9980 0.8043 0.2400 -0.8561 0.4478 -0.0949
1305033538.7433 1.1634 -1.0043 0.8081 0.2309 -0.8578 0.4501 -0.0913
1305033538.7709 1.1745 -1.0111 0.8154 0.2224 -0.8600 0.4511 -0.0860
1305033538.8029 1.1782 -1.0159 0.8163 0.2122 -0.8607 0.4550 -0.0847
1305033538.8444 1.1872 -1.0201 0.8210 0.2015 -0.8627 0.4567 -0.0807
1305033538.8709 1.1896 -1.0282 0.8222 0.1932 -0.8630 0.4600 -0.0794
1305033538.9030 1.1923 -1.0346 0.8243 0.1863 -0.8629 0.4635 -0.0759
1305033538.9446 1.1976 -1.0399 0.8290 0.1777 -0.8638 0.4661 -0.0709
1305033538.9710 1.2019 -1.0436 0.8288 0.1670 -0.8644 0.4693 -0.0687
1305033539.0030 1.2056 -1.0478 0.8288 0.1567 -0.8650 0.4718 -0.0674
1305033539.0446 1.2084 -1.0541 0.8291 0.1481 -0.8658 0.4735 -0.0656
1305033539.0710 1.2109 -1.0604 0.8255 0.1408 -0.8654 0.4767 -0.0629
1305033539.1031 1.2134 -1.0654 0.8274 0.1343 -0.8658 0.4783 -0.0597
1305033539.1444 1.2140 -1.0728 0.8250 0.1282 -0.8658 0.4801 -0.0584
1305033539.1711 1.2189 -1.0780 0.8291 0.1224 -0.8667 0.4804 -0.0547
1305033539.2030 1.2189 -1.0864 0.8298 0.1176 -0.8670 0.4811 -0.0540
1305033539.2444 1.2210 -1.0928 0.8287 0.1128 -0.8673 0.4820 -0.0523
1305033539.2712 1.2198 -1.0999 0.8234 0.1091 -0.8668 0.4840 -0.0510
1305033539.3034 1.2180 -1.1059 0.8195 0.1067 -0.8662 0.4858 -0.0486
1305033539.3445 1.2170 -1.1124 0.8192 0.1037 -0.8665 0.4862 -0.0447
1305033539.3714 1.2192 -1.1188 0.8192 0.0985 -0.8674 0.4859 -0.0417
1305033539.4031 1.2192 -1.1235 0.8149 0.0934 -0.8677 0.4865 -0.0401
1305033539.4436 1.2170 -1.1306 0.8107 0.0887 -0.8683 0.4865 -0.0385
1305033539.4713 1.2171 -1.1372 0.8094 0.0849 -0.8694 0.4854 -0.0352
1305033539.5033 1.2149 -1.1455 0.8097 0.0829 -0.8704 0.4841 -0.0330
1305033539.5424 1.2112 -1.1501 0.8061 0.0807 -0.8704 0.4848 -0.0308
1305033539.5715 1.2114 -1.1581 0.8082 0.0769 -0.8725 0.4818 -0.0272
1305033539.6035 1.2095 -1.1649 0.8045 0.0732 -0.8729 0.4818 -0.0251
1305033539.6425 1.2072 -1.1699 0.8032 0.0705 -0.8739 0.4805 -0.0230
1305033539.6715 1.2055 -1.1773 0.8022 0.0682 -0.8753 0.4783 -0.0194
1305033539.7033 1.2052 -1.1843 0.8028 0.0671 -0.8763 0.4768 -0.0150
1305033539.7432 1.2043 -1.1904 0.8036 0.0663 -0.8772 0.4754 -0.0131
1305033539.7712 1.2026 -1.1951 0.8023 0.0655 -0.8772 0.4756 -0.0115
1305033539.8034 1.1980 -1.2005 0.8047 0.0655 -0.8777 0.4747 -0.0091
1305033539.8445 1.1955 -1.2048 0.8029 0.0633 -0.8777 0.4750 -0.0065
1305033539.8714 1.1918 -1.2104 0.8022 0.0601 -0.8782 0.4745 -0.0053
1305033539.9036 1.1914 -1.2146 0.8009 0.0559 -0.8782 0.4750 -0.0029
1305033539.9395 1.1867 -1.2195 0.8007 0.0533 -0.8785 0.4747 -0.0026
1305033539.9715 1.1851 -1.2232 0.8029 0.0504 -0.8786 0.4749 -0.0002
1305033540.0035 1.1828 -1.2252 0.8043 0.0463 -0.8788 0.4749 0.0012
1305033540.0395 1.1785 -1.2278 0.8031 0.0430 -0.8791 0.4747 0.0010
1305033540.0716 1.1759 -1.2283 0.8018 0.0400 -0.8789 0.4753 0.0017
1305033540.1036 1.1751 -1.2271 0.8017 0.0368 -0.8792 0.4750 0.0024
1305033540.1396 1.1712 -1.2273 0.8003 0.0350 -0.8793 0.4751 0.0025
1305033540.1716 1.1691 -1.2259 0.7951 0.0312 -0.8791 0.4757 0.0033
1305033540.2036 1.1671 -1.2236 0.7960 0.0266 -0.8799 0.4744 0.0037
1305033540.2396 1.1655 -1.2203 0.7972 0.0227 -0.8804 0.4737 0.0048
1305033540.2717 1.1621 -1.2174 0.7957 0.0192 -0.8806 0.4735 0.0053
1305033540.3036 1.1604 -1.2129 0.7955 0.0168 -0.8806 0.4736 0.0066
1305033540.3397 1.1592 -1.2089 0.7962 0.0150 -0.8810 0.4729 0.0082
1305033540.3717 1.1564 -1.2055 0.7973 0.0133 -0.8816 0.4718 0.0091
1305033540.4037 1.1561 -1.2022 0.7973 0.0110 -0.8818 0.4714 0.0109
1305033540.4397 1.1538 -1.1959 0.7952 0.0095 -0.8814 0.4721 0.0112
1305033540.4717 1.1506 -1.1910 0.7962 0.0075 -0.8819 0.4712 0.0119
1305033540.5037 1.1508 -1.1851 0.7954 0.0046 -0.8819 0.4713 0.0135
1305033540.5398 1.1494 -1.1810 0.7970 0.0026 -0.8820 0.4710 0.0141
1305033540.5717 1.1452 -1.1738 0.7962 0.0018 -0.8816 0.4718 0.0143
1305033540.6038 1.1441 -1.1665 0.7952 0.0008 -0.8816 0.4716 0.0161
1305033540.6398 1.1409 -1.1619 0.7925 0.0001 -0.8820 0.4709 0.0168
1305033540.6719 1.1380 -1.1554 0.7898 -0.0015 -0.8827 0.4695 0.0183
1305033540.7037 1.1384 -1.1510 0.7847 -0.0041 -0.8829 0.4690 0.0218
1305033540.7399 1.1362 -1.1450 0.7834 -0.0068 -0.8838 0.4673 0.0225
1305033540.7719 1.1348 -1.1394 0.7844 -0.0084 -0.8848 0.4652 0.0233
1305033540.8037 1.1349 -1.1346 0.7829 -0.0108 -0.8849 0.4649 0.0248
1305033540.8399 1.1340 -1.1295 0.7830 0.0132 0.8854 -0.4640 -0.0251
1305033540.8719 1.1306 -1.1247 0.7829 0.0146 0.8856 -0.4636 -0.0249
1305033540.9040 1.1311 -1.1225 0.7861 0.0163 0.8860 -0.4626 -0.0266
1305033540.9401 1.1300 -1.1197 0.7875 0.0179 0.8859 -0.4627 -0.0268
1305033540.9720 1.1270 -1.1171 0.7888 0.0197 0.8853 -0.4639 -0.0264
1305033541.0039 1.1255 -1.1126 0.7896 0.0220 0.8844 -0.4654 -0.0267
1305033541.0400 1.1226 -1.1075 0.7924 0.0239 0.8841 -0.4659 -0.0271
1305033541.0720 1.1213 -1.1040 0.7952 0.0259 0.8839 -0.4661 -0.0286
1305033541.1040 1.1191 -1.1003 0.7960 0.0281 0.8834 -0.4668 -0.0299
1305033541.1400 1.1195 -1.0956 0.7997 0.0309 0.8832 -0.4670 -0.0313
1305033541.1719 1.1160 -1.0917 0.7983 0.0325 0.8822 -0.4687 -0.0314
1305033541.2040 1.1129 -1.0863 0.7996 0.0341 0.8816 -0.4697 -0.0324
1305033541.2400 1.1127 -1.0817 0.8007 0.0362 0.8811 -0.4703 -0.0347
1305033541.2720 1.1128 -1.0749 0.8034 0.0380 0.8809 -0.4702 -0.0373
1305033541.3039 1.1104 -1.0685 0.8027 0.0399 0.8802 -0.4713 -0.0388
1305033541.3400 1.1072 -1.0616 0.8017 0.0421 0.8799 -0.4716 -0.0405
1305033541.3720 1.1066 -1.0543 0.8022 0.0458 0.8795 -0.4718 -0.0429
1305033541.4041 1.1047 -1.0473 0.8016 0.0490 0.8792 -0.4719 -0.0444
1305033541.4400 1.1020 -1.0409 0.7999 0.0515 0.8792 -0.4714 -0.0459
1305033541.4721 1.1018 -1.0351 0.8006 0.0553 0.8797 -0.4698 -0.0488
1305033541.5040 1.1031 -1.0282 0.8013 0.0577 0.8799 -0.4689 -0.0513
1305033541.5400 1.0985 -1.0229 0.7995 0.0597 0.8799 -0.4685 -0.0515
1305033541.5721 1.0968 -1.0167 0.8004 0.0628 0.8800 -0.4676 -0.0539
1305033541.6040 1.0987 -1.0118 0.8015 0.0671 0.8798 -0.4672 -0.0567
1305033541.6400 1.0965 -1.0054 0.8014 0.0706 0.8796 -0.4669 -0.0573
1305033541.6720 1.0960 -1.0003 0.8038 0.0755 0.8798 -0.4655 -0.0592
1305033541.7040 1.0957 -0.9943 0.8039 0.0791 0.8794 -0.4655 -0.0606
1305033541.7400 1.0916 -0.9893 0.8059 0.0805 0.8798 -0.4645 -0.0612
1305033541.7720 1.0872 -0.9835 0.8074 0.0825 0.8796 -0.4643 -0.0630
1305033541.8040 1.0894 -0.9792 0.8080 0.0866 0.8791 -0.4640 -0.0662
1305033541.8400 1.0855 -0.9729 0.8073 0.0895 0.8790 -0.4637 -0.0659
1305033541.8720 1.0800 -0.9668 0.8063 0.0913 0.8790 -0.4632 -0.0668
1305033541.9040 1.0779 -0.9605 0.8022 0.0934 0.8781 -0.4640 -0.0705
1305033541.9400 1.0762 -0.9548 0.8013 0.0967 0.8783 -0.4626 -0.0730
1305033541.9719 1.0722 -0.9480 0.8007 0.1010 0.8783 -0.4614 -0.0748
1305033542.0040 1.0670 -0.9404 0.7996 0.1050 0.8784 -0.4600 -0.0760
1305033542.0399 1.0618 -0.9310 0.7970 0.1081 0.8782 -0.4593 -0.0785
1305033542.0719 1.0591 -0.9235 0.7950 0.1131 0.8781 -0.4578 -0.0805
1305033542.1040 1.0541 -0.9160 0.7955 0.1163 0.8785 -0.4561 -0.0810
1305033542.1400 1.0496 -0.9086 0.7944 0.1194 0.8784 -0.4554 -0.0824
1305033542.1720 1.0461 -0.9009 0.7940 0.1227 0.8782 -0.4546 -0.0837
1305033542.2042 1.0401 -0.8935 0.7919 0.1249 0.8779 -0.4544 -0.0844
1305033542.2403 1.0368 -0.8874 0.7900 0.1279 0.8773 -0.4542 -0.0877
1305033542.2720 1.0349 -0.8797 0.7898 0.1331 0.8765 -0.4538 -0.0897
1305033542.3041 1.0324 -0.8752 0.7907 0.1374 0.8762 -0.4529 -0.0911
1305033542.3400 1.0318 -0.8704 0.7911 0.1415 0.8756 -0.4523 -0.0935
1305033542.3721 1.0285 -0.8629 0.7913 0.1447 0.8747 -0.4530 -0.0939
1305033542.4079 1.0269 -0.8568 0.7916 0.1476 0.8739 -0.4534 -0.0949
1305033542.4400 1.0233 -0.8490 0.7902 0.1498 0.8728 -0.4546 -0.0954
1305033542.4720 1.0200 -0.8419 0.7898 0.1519 0.8721 -0.4550 -0.0970
1305033542.5079 1.0172 -0.8355 0.7887 0.1549 0.8711 -0.4554 -0.0993
1305033542.5400 1.0142 -0.8289 0.7881 0.1583 0.8700 -0.4558 -0.1011
1305033542.5720 1.0106 -0.8209 0.7878 0.1617 0.8691 -0.4562 -0.1024
1305033542.6080 1.0064 -0.8106 0.7881 0.1664 0.8675 -0.4574 -0.1026
1305033542.6399 1.0034 -0.8025 0.7901 0.1700 0.8666 -0.4575 -0.1040
1305033542.6722 1.0014 -0.7926 0.7884 0.1746 0.8646 -0.4592 -0.1054
1305033542.7080 0.9998 -0.7834 0.7866 0.1773 0.8635 -0.4598 -0.1071
1305033542.7400 1.0001 -0.7734 0.7855 0.1799 0.8626 -0.4596 -0.1106
1305033542.7720 1.0012 -0.7653 0.7835 0.1829 0.8619 -0.4591 -0.1136
1305033542.8080 1.0016 -0.7573 0.7806 0.1852 0.8613 -0.4588 -0.1156
1305033542.8399 1.0005 -0.7495 0.7791 0.1861 0.8611 -0.4581 -0.1183
1305033542.8720 1.0018 -0.7413 0.7796 0.1880 0.8602 -0.4581 -0.1216
1305033542.9081 1.0012 -0.7333 0.7776 0.1907 0.8593 -0.4586 -0.1222
1305033542.9398 0.9988 -0.7226 0.7764 0.1930 0.8588 -0.4587 -0.1221
1305033542.9720 0.9956 -0.7137 0.7756 0.1946 0.8585 -0.4583 -0.1232
1305033543.0080 0.9966 -0.7056 0.7738 0.1966 0.8579 -0.4578 -0.1256
1305033543.0400 0.9963 -0.6994 0.7741 0.1989 0.8581 -0.4561 -0.1269
1305033543.0721 0.9932 -0.6953 0.7676 0.2004 0.8571 -0.4568 -0.1286
1305033543.1079 0.9953 -0.6906 0.7668 0.2035 0.8560 -0.4567 -0.1313
1305033543.1400 0.9950 -0.6841 0.7658 0.2064 0.8548 -0.4574 -0.1320
1305033543.1721 0.9932 -0.6769 0.7636 0.2093 0.8538 -0.4576 -0.1334
1305033543.2079 0.9920 -0.6703 0.7641 0.2136 0.8528 -0.4568 -0.1358
1305033543.2400 0.9937 -0.6646 0.7637 0.2169 0.8519 -0.4558 -0.1394
1305033543.2720 0.9907 -0.6576 0.7646 0.2205 0.8510 -0.4554 -0.1405
1305033543.3080 0.9895 -0.6499 0.7655 0.2262 0.8495 -0.4553 -0.1410
1305033543.3400 0.9915 -0.6452 0.7649 0.2317 0.8480 -0.4546 -0.1431
1305033543.3720 0.9901 -0.6393 0.7640 0.2356 0.8467 -0.4546 -0.1446
1305033543.4080 0.9895 -0.6329 0.7630 0.2398 0.8454 -0.4538 -0.1480
1305033543.4400 0.9900 -0.6293 0.7611 0.2453 0.8433 -0.4532 -0.1523
1305033543.4720 0.9913 -0.6233 0.7623 0.2531 0.8413 -0.4519 -0.1547
1305033543.5080 0.9914 -0.6164 0.7650 0.2607 0.8395 -0.4506 -0.1556
1305033543.5399 0.9902 -0.6085 0.7643 0.2668 0.8370 -0.4511 -0.1571
1305033543.5720 0.9929 -0.6034 0.7626 0.2735 0.8341 -0.4510 -0.1612
1305033543.6080 0.9941 -0.5974 0.7602 0.2779 0.8317 -0.4518 -0.1641
1305033543.6406 0.9955 -0.5900 0.7587 0.2819 0.8297 -0.4519 -0.1671
1305033543.6720 0.9963 -0.5819 0.7545 0.2865 0.8276 -0.4515 -0.1705
1305033543.7079 1.0001 -0.5751 0.7515 0.2921 0.8258 -0.4496 -0.1751
1305033543.7400 1.0032 -0.5693 0.7494 0.2983 0.8245 -0.4462 -0.1790
1305033543.7719 1.0050 -0.5608 0.7456 0.3047 0.8229 -0.4437 -0.1821
1305033543.8079 1.0090 -0.5554 0.7477 0.3121 0.8211 -0.4405 -0.1853
1305033543.8401 1.0148 -0.5481 0.7451 0.3180 0.8186 -0.4397 -0.1881
1305033543.8721 1.0201 -0.5404 0.7429 0.3224 0.8170 -0.4384 -0.1907
1305033543.9080 1.0214 -0.5329 0.7389 0.3259 0.8161 -0.4366 -0.1928
1305033543.9399 1.0252 -0.5264 0.7354 0.3303 0.8146 -0.4344 -0.1965
1305033543.9719 1.0306 -0.5201 0.7335 0.3356 0.8127 -0.4325 -0.1996
1305033544.0080 1.0335 -0.5134 0.7325 0.3403 0.8112 -0.4311 -0.2005
1305033544.0400 1.0371 -0.5074 0.7296 0.3444 0.8093 -0.4303 -0.2032
1305033544.0721 1.0398 -0.5013 0.7259 0.3482 0.8076 -0.4293 -0.2056
1305033544.1080 1.0436 -0.4945 0.7225 0.3519 0.8059 -0.4284 -0.2079
1305033544.1399 1.0465 -0.4891 0.7216 0.3557 0.8047 -0.4268 -0.2093
1305033544.1720 1.0499 -0.4818 0.7181 0.3587 0.8030 -0.4263 -0.2115
1305033544.2082 1.0543 -0.4765 0.7143 0.3634 0.8008 -0.4255 -0.2136
1305033544.2400 1.0567 -0.4698 0.7118 0.3671 0.7994 -0.4247 -0.2140
1305033544.2722 1.0582 -0.4617 0.7114 0.3706 0.7985 -0.4234 -0.2139
1305033544.3080 1.0621 -0.4556 0.7087 0.3753 0.7969 -0.4218 -0.2150
1305033544.3400 1.0640 -0.4498 0.7058 0.3797 0.7954 -0.4204 -0.2154
1305033544.3721 1.0687 -0.4448 0.7017 0.3836 0.7934 -0.4193 -0.2180
1305033544.4079 1.0712 -0.4388 0.6995 0.3881 0.7916 -0.4180 -0.2192
1305033544.4399 1.0739 -0.4353 0.6975 0.3937 0.7893 -0.4162 -0.2207
1305033544.4722 1.0764 -0.4293 0.6965 0.3989 0.7873 -0.4153 -0.2205
1305033544.5079 1.0783 -0.4254 0.6959 0.4038 0.7852 -0.4136 -0.2221
1305033544.5400 1.0825 -0.4228 0.6948 0.4090 0.7824 -0.4128 -0.2241
1305033544.5721 1.0827 -0.4151 0.6949 0.4127 0.7807 -0.4132 -0.2225
1305033544.6080 1.0841 -0.4087 0.6953 0.4165 0.7788 -0.4124 -0.2234
1305033544.6400 1.0868 -0.4035 0.6939 0.4207 0.7762 -0.4121 -0.2251
1305033544.6721 1.0891 -0.3993 0.6929 0.4247 0.7741 -0.4111 -0.2267
1305033544.7082 1.0903 -0.3942 0.6919 0.4291 0.7718 -0.4103 -0.2278
1305033544.7399 1.0906 -0.3879 0.6924 0.4347 0.7693 -0.4088 -0.2282
1305033544.7722 1.0917 -0.3840 0.6911 0.4396 0.7665 -0.4074 -0.2308
1305033544.8080 1.0933 -0.3815 0.6934 0.4451 0.7639 -0.4050 -0.2330
1305033544.8400 1.0916 -0.3757 0.6934 0.4488 0.7617 -0.4040 -0.2348
1305033544.8721 1.0926 -0.3717 0.6946 0.4545 0.7586 -0.4020 -0.2376
1305033544.9078 1.0939 -0.3687 0.6964 0.4601 0.7558 -0.3992 -0.2403
1305033544.9398 1.0930 -0.3636 0.6958 0.4648 0.7527 -0.3984 -0.2422
1305033544.9720 1.0921 -0.3607 0.6985 0.4699 0.7500 -0.3961 -0.2444
1305033545.0079 1.0925 -0.3574 0.6985 0.4741 0.7470 -0.3955 -0.2466
1305033545.0401 1.0927 -0.3545 0.6987 0.4786 0.7439 -0.3947 -0.2486
1305033545.0719 1.0927 -0.3490 0.6990 0.4817 0.7416 -0.3944 -0.2497
1305033545.1081 1.0928 -0.3455 0.6994 0.4841 0.7401 -0.3929 -0.2520
1305033545.1400 1.0921 -0.3418 0.7004 0.4860 0.7389 -0.3914 -0.2542
1305033545.1720 1.0927 -0.3410 0.7007 0.4884 0.7370 -0.3900 -0.2573
1305033545.2080 1.0920 -0.3368 0.7009 0.4909 0.7354 -0.3895 -0.2577
1305033545.2400 1.0900 -0.3330 0.7020 0.4937 0.7338 -0.3889 -0.2581
1305033545.2721 1.0883 -0.3299 0.7041 0.4963 0.7325 -0.3870 -0.2597
1305033545.3081 1.0878 -0.3295 0.7054 0.4997 0.7301 -0.3855 -0.2620
1305033545.3399 1.0872 -0.3271 0.7064 0.5023 0.7282 -0.3854 -0.2625
1305033545.3721 1.0838 -0.3258 0.7050 0.5048 0.7263 -0.3852 -0.2633
1305033545.4080 1.0832 -0.3264 0.7060 0.5086 0.7235 -0.3839 -0.2656
1305033545.4400 1.0803 -0.3245 0.7066 0.5117 0.7217 -0.3828 -0.2659
1305033545.4722 1.0763 -0.3239 0.7075 0.5142 0.7201 -0.3817 -0.2670
1305033545.5080 1.0723 -0.3228 0.7104 0.5169 0.7183 -0.3811 -0.2677
1305033545.5400 1.0695 -0.3245 0.7104 0.5195 0.7155 -0.3816 -0.2695
1305033545.5721 1.0660 -0.3261 0.7118 0.5230 0.7126 -0.3814 -0.2703
1305033545.6080 1.0628 -0.3252 0.7143 0.5260 0.7102 -0.3816 -0.2709
1305033545.6402 1.0584 -0.3254 0.7150 0.5296 0.7073 -0.3815 -0.2717
1305033545.6721 1.0523 -0.3263 0.7181 0.5321 0.7054 -0.3811 -0.2721
1305033545.7083 1.0456 -0.3245 0.7220 0.5325 0.7044 -0.3820 -0.2725
1305033545.7401 1.0399 -0.3255 0.7232 0.5330 0.7029 -0.3834 -0.2736
1305033545.7719 1.0317 -0.3276 0.7227 0.5335 0.7012 -0.3850 -0.2747
1305033545.8080 1.0255 -0.3272 0.7243 0.5346 0.6993 -0.3865 -0.2752
1305033545.8400 1.0190 -0.3296 0.7274 0.5371 0.6968 -0.3870 -0.2760
1305033545.8721 1.0115 -0.3313 0.7278 0.5380 0.6946 -0.3885 -0.2778
1305033545.9080 1.0046 -0.3311 0.7276 0.5387 0.6926 -0.3902 -0.2791
1305033545.9400 0.9970 -0.3319 0.7274 0.5400 0.6908 -0.3909 -0.2801
1305033545.9720 0.9895 -0.3325 0.7275 0.5411 0.6894 -0.3921 -0.2796
1305033546.0081 0.9807 -0.3292 0.7247 0.5411 0.6884 -0.3945 -0.2786
1305033546.0400 0.9734 -0.3292 0.7230 0.5418 0.6878 -0.3945 -0.2790
1305033546.0720 0.9665 -0.3286 0.7266 0.5422 0.6889 -0.3928 -0.2777
1305033546.1080 0.9571 -0.3253 0.7275 0.5427 0.6896 -0.3920 -0.2760
1305033546.1400 0.9489 -0.3272 0.7276 0.5438 0.6888 -0.3906 -0.2781
1305033546.1722 0.9402 -0.3271 0.7302 0.5468 0.6873 -0.3895 -0.2773
1305033546.2081 0.9314 -0.3269 0.7290 0.5499 0.6847 -0.3900 -0.2768
1305033546.2405 0.9221 -0.3241 0.7345 0.5534 0.6833 -0.3890 -0.2747
1305033546.2720 0.9115 -0.3178 0.7345 0.5548 0.6821 -0.3887 -0.2755
1305033546.3082 0.9005 -0.3159 0.7381 0.5556 0.6819 -0.3867 -0.2771
1305033546.3399 0.8911 -0.3125 0.7347 0.5560 0.6803 -0.3874 -0.2792
1305033546.3720 0.8804 -0.3117 0.7337 0.5570 0.6794 -0.3856 -0.2819
1305033546.4078 0.8698 -0.3099 0.7362 0.5567 0.6797 -0.3836 -0.2844
1305033546.4399 0.8594 -0.3087 0.7331 0.5573 0.6777 -0.3835 -0.2880
1305033546.4721 0.8512 -0.3104 0.7316 0.5607 0.6750 -0.3817 -0.2903
1305033546.5079 0.8416 -0.3127 0.7341 0.5650 0.6729 -0.3791 -0.2902
1305033546.5400 0.8300 -0.3090 0.7365 0.5671 0.6719 -0.3787 -0.2891
1305033546.5721 0.8209 -0.3082 0.7370 0.5678 0.6711 -0.3773 -0.2915
1305033546.6080 0.8099 -0.3088 0.7420 0.5677 0.6715 -0.3757 -0.2926
1305033546.6401 0.8010 -0.3105 0.7425 0.5669 0.6713 -0.3766 -0.2935
1305033546.6721 0.7929 -0.3111 0.7426 0.5667 0.6706 -0.3778 -0.2941
1305033546.7080 0.7850 -0.3096 0.7432 0.5677 0.6692 -0.3788 -0.2940
1305033546.7400 0.7766 -0.3074 0.7461 0.5707 0.6675 -0.3783 -0.2928
1305033546.7720 0.7678 -0.3048 0.7478 0.5726 0.6662 -0.3775 -0.2929
1305033546.8080 0.7595 -0.3061 0.7499 0.5749 0.6649 -0.3747 -0.2950
1305033546.8400 0.7541 -0.3063 0.7533 0.5760 0.6643 -0.3719 -0.2978
1305033546.8720 0.7446 -0.3086 0.7554 0.5780 0.6632 -0.3694 -0.2994
1305033546.9080 0.7373 -0.3105 0.7608 0.5796 0.6628 -0.3677 -0.2993
1305033546.9400 0.7293 -0.3109 0.7654 0.5801 0.6625 -0.3676 -0.2990
1305033546.9721 0.7217 -0.3114 0.7662 0.5803 0.6616 -0.3683 -0.2999
1305033547.0080 0.7127 -0.3122 0.7667 0.5809 0.6603 -0.3691 -0.3006
1305033547.0400 0.7052 -0.3110 0.7693 0.5809 0.6601 -0.3695 -0.3006
1305033547.0721 0.6973 -0.3091 0.7710 0.5813 0.6595 -0.3689 -0.3016
1305033547.1080 0.6906 -0.3101 0.7733 0.5819 0.6593 -0.3670 -0.3032
1305033547.1400 0.6818 -0.3097 0.7734 0.5815 0.6598 -0.3662 -0.3040
1305033547.1720 0.6720 -0.3078 0.7741 0.5823 0.6593 -0.3653 -0.3048
1305033547.2080 0.6646 -0.3098 0.7745 0.5844 0.6571 -0.3642 -0.3068
1305033547.2400 0.6561 -0.3106 0.7774 0.5863 0.6564 -0.3623 -0.3067
1305033547.2720 0.6460 -0.3098 0.7790 0.5878 0.6557 -0.3613 -0.3066
1305033547.3080 0.6382 -0.3096 0.7813 0.5894 0.6548 -0.3594 -0.3077
1305033547.3400 0.6293 -0.3108 0.7810 0.5918 0.6530 -0.3582 -0.3084
1305033547.3722 0.6190 -0.3109 0.7848 0.5945 0.6518 -0.3556 -0.3086
1305033547.4079 0.6099 -0.3124 0.7865 0.5978 0.6493 -0.3534 -0.3102
1305033547.4401 0.6012 -0.3147 0.7907 0.6016 0.6470 -0.3508 -0.3106
1305033547.4721 0.5924 -0.3152 0.7939 0.6036 0.6459 -0.3500 -0.3099
1305033547.5080 0.5828 -0.3157 0.7943 0.6039 0.6459 -0.3488 -0.3107
1305033547.5400 0.5716 -0.3137 0.7952 0.6038 0.6458 -0.3479 -0.3122
1305033547.5719 0.5636 -0.3158 0.7973 0.6057 0.6436 -0.3461 -0.3147
1305033547.6079 0.5561 -0.3163 0.8000 0.6075 0.6420 -0.3456 -0.3151
1305033547.6399 0.5491 -0.3154 0.8030 0.6098 0.6404 -0.3449 -0.3149
1305033547.6721 0.5387 -0.3154 0.8054 0.6106 0.6405 -0.3430 -0.3151
1305033547.7079 0.5312 -0.3134 0.8098 0.6095 0.6418 -0.3418 -0.3159
1305033547.7399 0.5228 -0.3152 0.8126 0.6094 0.6420 -0.3406 -0.3170
1305033547.7719 0.5138 -0.3178 0.8136 0.6110 0.6403 -0.3404 -0.3176
1305033547.8080 0.5054 -0.3189 0.8168 0.6135 0.6383 -0.3405 -0.3166
1305033547.8399 0.4949 -0.3195 0.8198 0.6148 0.6378 -0.3400 -0.3157
1305033547.8721 0.4869 -0.3206 0.8204 0.6149 0.6371 -0.3408 -0.3160
1305033547.9079 0.4798 -0.3222 0.8197 0.6145 0.6372 -0.3415 -0.3160
1305033547.9400 0.4709 -0.3213 0.8187 0.6145 0.6379 -0.3424 -0.3134
1305033547.9722 0.4615 -0.3230 0.8168 0.6141 0.6388 -0.3419 -0.3128
1305033548.0080 0.4503 -0.3231 0.8142 0.6131 0.6402 -0.3422 -0.3115
1305033548.0400 0.4388 -0.3254 0.8128 0.6118 0.6415 -0.3428 -0.3110
1305033548.0721 0.4299 -0.3259 0.8163 0.6116 0.6423 -0.3441 -0.3082
1305033548.1080 0.4201 -0.3258 0.8178 0.6099 0.6441 -0.3452 -0.3064
1305033548.1401 0.4085 -0.3249 0.8200 0.6090 0.6464 -0.3446 -0.3042
1305033548.1721 0.3985 -0.3269 0.8198 0.6090 0.6467 -0.3447 -0.3034
1305033548.2080 0.3887 -0.3271 0.8205 0.6093 0.6469 -0.3460 -0.3009
1305033548.2400 0.3786 -0.3289 0.8224 0.6089 0.6481 -0.3462 -0.2988
1305033548.2721 0.3693 -0.3280 0.8226 0.6072 0.6500 -0.3473 -0.2968
1305033548.3080 0.3595 -0.3276 0.8239 0.6064 0.6517 -0.3474 -0.2948
1305033548.3400 0.3482 -0.3279 0.8257 0.6057 0.6532 -0.3474 -0.2929
1305033548.3720 0.3388 -0.3284 0.8273 0.6051 0.6538 -0.3484 -0.2917
1305033548.4080 0.3286 -0.3253 0.8267 0.6042 0.6541 -0.3510 -0.2895
1305033548.4398 0.3192 -0.3273 0.8263 0.6044 0.6539 -0.3511 -0.2894
1305033548.4721 0.3113 -0.3233 0.8239 0.6029 0.6544 -0.3528 -0.2894
1305033548.5080 0.3025 -0.3221 0.8233 0.6033 0.6543 -0.3523 -0.2895
1305033548.5400 0.2942 -0.3228 0.8283 0.6048 0.6544 -0.3502 -0.2886
1305033548.5721 0.2855 -0.3222 0.8288 0.6052 0.6546 -0.3505 -0.2871
1305033548.6079 0.2763 -0.3228 0.8299 0.6044 0.6555 -0.3499 -0.2874
1305033548.6400 0.2668 -0.3231 0.8321 0.6036 0.6567 -0.3487 -0.2877
1305033548.6720 0.2576 -0.3196 0.8322 0.6022 0.6576 -0.3502 -0.2869
1305033548.7080 0.2495 -0.3191 0.8340 0.6024 0.6575 -0.3498 -0.2870
1305033548.7400 0.2413 -0.3196 0.8357 0.6031 0.6571 -0.3490 -0.2875
1305033548.7720 0.2335 -0.3195 0.8372 0.6031 0.6573 -0.3486 -0.2876
1305033548.8080 0.2258 -0.3201 0.8399 0.6031 0.6581 -0.3480 -0.2866
1305033548.8399 0.2183 -0.3191 0.8409 0.6021 0.6597 -0.3477 -0.2852
1305033548.8720 0.2100 -0.3200 0.8401 0.6009 0.6612 -0.3467 -0.2855
1305033548.9080 0.2007 -0.3211 0.8407 0.5990 0.6635 -0.3452 -0.2858
1305033548.9399 0.1920 -0.3190 0.8426 0.5976 0.6656 -0.3441 -0.2855
1305033548.9722 0.1845 -0.3171 0.8432 0.5970 0.6665 -0.3430 -0.2858
1305033549.0084 0.1757 -0.3168 0.8422 0.5971 0.6670 -0.3413 -0.2865
1305033549.0400 0.1656 -0.3159 0.8445 0.5978 0.6678 -0.3392 -0.2858
1305033549.0719 0.1577 -0.3186 0.8438 0.5994 0.6665 -0.3384 -0.2863
1305033549.1081 0.1477 -0.3211 0.8444 0.6010 0.6664 -0.3370 -0.2848
1305033549.1400 0.1367 -0.3199 0.8464 0.6006 0.6674 -0.3371 -0.2831
1305033549.1720 0.1268 -0.3230 0.8472 0.5995 0.6684 -0.3358 -0.2847
1305033549.2080 0.1173 -0.3268 0.8480 0.5988 0.6686 -0.3350 -0.2867
1305033549.2400 0.1066 -0.3299 0.8481 0.5998 0.6673 -0.3352 -0.2873
1305033549.2720 0.0959 -0.3297 0.8488 0.6007 0.6657 -0.3376 -0.2862
1305033549.3079 0.0853 -0.3274 0.8512 0.6013 0.6650 -0.3389 -0.2851
1305033549.3398 0.0777 -0.3279 0.8542 0.6024 0.6638 -0.3389 -0.2856
1305033549.3720 0.0701 -0.3277 0.8522 0.6030 0.6631 -0.3389 -0.2861
1305033549.4080 0.0604 -0.3296 0.8503 0.6042 0.6628 -0.3370 -0.2866
1305033549.4400 0.0502 -0.3293 0.8508 0.6049 0.6632 -0.3354 -0.2861
1305033549.4720 0.0407 -0.3261 0.8501 0.6045 0.6635 -0.3365 -0.2850
1305033549.5080 0.0316 -0.3259 0.8504 0.6045 0.6640 -0.3357 -0.2845
1305033549.5400 0.0209 -0.3275 0.8486 0.6048 0.6637 -0.3349 -0.2854
1305033549.5720 0.0111 -0.3256 0.8483 0.6037 0.6648 -0.3357 -0.2845
1305033549.6079 0.0036 -0.3234 0.8463 0.6019 0.6658 -0.3371 -0.2843
1305033549.6401 -0.0053 -0.3224 0.8454 0.6007 0.6675 -0.3367 -0.2831
1305033549.6720 -0.0152 -0.3242 0.8465 0.6009 0.6690 -0.3352 -0.2812
1305033549.7080 -0.0258 -0.3268 0.8447 0.5993 0.6711 -0.3356 -0.2790
1305033549.7400 -0.0406 -0.3250 0.8483 0.5964 0.6755 -0.3359 -0.2742
1305033549.7720 -0.0501 -0.3261 0.8462 0.5930 0.6772 -0.3387 -0.2740
1305033549.8080 -0.0603 -0.3261 0.8476 0.5902 0.6804 -0.3406 -0.2697
1305033549.8400 -0.0753 -0.3214 0.8474 0.5856 0.6848 -0.3433 -0.2650
1305033549.8720 -0.0880 -0.3204 0.8483 0.5820 0.6881 -0.3442 -0.2634
1305033549.9080 -0.1008 -0.3207 0.8499 0.5786 0.6907 -0.3462 -0.2616
1305033549.9399 -0.1143 -0.3216 0.8492 0.5737 0.6932 -0.3500 -0.2605
1305033549.9720 -0.1245 -0.3267 0.8461 0.5673 0.6951 -0.3544 -0.2635
1305033550.0080 -0.1360 -0.3245 0.8464 0.5619 0.6980 -0.3583 -0.2621
1305033550.0401 -0.1501 -0.3249 0.8478 0.5567 0.7013 -0.3603 -0.2617
1305033550.0720 -0.1625 -0.3290 0.8499 0.5508 0.7048 -0.3613 -0.2634
1305033550.1080 -0.1786 -0.3311 0.8513 0.5457 0.7068 -0.3639 -0.2649
1305033550.1400 -0.1921 -0.3331 0.8543 0.5402 0.7085 -0.3673 -0.2669
1305033550.1720 -0.2075 -0.3346 0.8513 0.5355 0.7087 -0.3725 -0.2687
1305033550.2080 -0.2228 -0.3391 0.8499 0.5328 0.7089 -0.3741 -0.2714
1305033550.2400 -0.2338 -0.3425 0.8468 0.5290 0.7086 -0.3772 -0.2753
1305033550.2720 -0.2450 -0.3466 0.8450 0.5238 0.7100 -0.3789 -0.2792
1305033550.3080 -0.2591 -0.3532 0.8408 0.5186 0.7110 -0.3801 -0.2847
1305033550.3400 -0.2678 -0.3582 0.8396 0.5156 0.7110 -0.3815 -0.2881
1305033550.3720 -0.2785 -0.3661 0.8366 0.5133 0.7112 -0.3829 -0.2898
1305033550.4080 -0.2899 -0.3680 0.8360 0.5085 0.7133 -0.3849 -0.2906
1305033550.4400 -0.3006 -0.3707 0.8324 0.5023 0.7154 -0.3865 -0.2940
1305033550.4720 -0.3078 -0.3774 0.8288 0.4973 0.7165 -0.3880 -0.2979
1305033550.5080 -0.3162 -0.3860 0.8263 0.4943 0.7175 -0.3890 -0.2993
1305033550.5401 -0.3253 -0.3957 0.8221 0.4908 0.7187 -0.3898 -0.3010
1305033550.5720 -0.3327 -0.4076 0.8221 0.4884 0.7208 -0.3902 -0.2995
1305033550.6080 -0.3409 -0.4154 0.8215 0.4834 0.7233 -0.3941 -0.2962
1305033550.6400 -0.3491 -0.4216 0.8230 0.4793 0.7261 -0.3974 -0.2916
1305033550.6719 -0.3546 -0.4329 0.8206 0.4740 0.7284 -0.4000 -0.2911
1305033550.7080 -0.3591 -0.4443 0.8179 0.4706 0.7300 -0.4043 -0.2867
1305033550.7400 -0.3678 -0.4513 0.8191 0.4694 0.7315 -0.4092 -0.2776
1305033550.9400 -0.4084 -0.5252 0.8127 0.4385 0.7387 -0.4374 -0.2660
1305033551.0719 -0.4348 -0.5713 0.8136 0.4114 0.7451 -0.4595 -0.2537
1305033551.1080 -0.4397 -0.5819 0.8112 0.3994 0.7486 -0.4671 -0.2489
1305033551.1400 -0.4463 -0.5910 0.8117 0.3876 0.7532 -0.4724 -0.2437
1305033551.1722 -0.4515 -0.5978 0.8151 0.3752 0.7576 -0.4771 -0.2401
1305033551.2082 -0.4542 -0.6095 0.8177 0.3650 0.7612 -0.4806 -0.2374
1305033551.2400 -0.4619 -0.6143 0.8202 0.3529 0.7653 -0.4851 -0.2334
1305033551.2725 -0.4644 -0.6213 0.8169 0.3428 0.7677 -0.4894 -0.2317
1305033551.3080 -0.4688 -0.6251 0.8212 0.3361 0.7707 -0.4923 -0.2253
1305033551.3398 -0.4741 -0.6347 0.8180 0.3290 0.7724 -0.4961 -0.2215
1305033551.3722 -0.4787 -0.6367 0.8222 0.3221 0.7748 -0.4998 -0.2148
1305033551.4080 -0.4817 -0.6396 0.8296 0.3155 0.7773 -0.5018 -0.2111
1305033551.4400 -0.4857 -0.6449 0.8279 0.3099 0.7784 -0.5035 -0.2112
1305033551.4720 -0.4879 -0.6498 0.8277 0.3054 0.7793 -0.5047 -0.2115
1305033551.5081 -0.4884 -0.6563 0.8278 0.3014 0.7809 -0.5047 -0.2113
1305033551.5398 -0.4926 -0.6625 0.8331 0.2984 0.7829 -0.5046 -0.2083
1305033551.5720 -0.4946 -0.6620 0.8373 0.2954 0.7845 -0.5054 -0.2046
1305033551.6079 -0.4973 -0.6685 0.8388 0.2893 0.7868 -0.5053 -0.2046
1305033551.6401 -0.5043 -0.6723 0.8388 0.2808 0.7883 -0.5079 -0.2043
1305033551.6723 -0.5095 -0.6795 0.8404 0.2743 0.7890 -0.5087 -0.2083
1305033551.7082 -0.5132 -0.6825 0.8386 0.2700 0.7880 -0.5107 -0.2130
1305033551.7402 -0.5218 -0.6857 0.8364 0.2670 0.7876 -0.5129 -0.2130
1305033551.7758 -0.5263 -0.6891 0.8372 0.2647 0.7875 -0.5138 -0.2142
1305033551.8080 -0.5310 -0.6888 0.8412 0.2660 0.7878 -0.5134 -0.2125
1305033551.8401 -0.5397 -0.6881 0.8372 0.2658 0.7875 -0.5145 -0.2110
1305033551.8759 -0.5489 -0.6914 0.8365 0.2641 0.7882 -0.5140 -0.2117
1305033551.9082 -0.5467 -0.6918 0.8436 0.2627 0.7894 -0.5129 -0.2117
1305033551.9404 -0.5565 -0.6992 0.8376 0.2582 0.7905 -0.5131 -0.2125
1305033551.9760 -0.5586 -0.6950 0.8466 0.2546 0.7936 -0.5118 -0.2083
1305033552.0079 -0.5679 -0.7031 0.8460 0.2499 0.7946 -0.5129 -0.2077
1305033552.0402 -0.5746 -0.7124 0.8489 0.2476 0.7958 -0.5127 -0.2060
1305033553.2400 -0.6898 -0.7291 0.8229 0.2146 0.8177 -0.5045 -0.1754
1305033553.2759 -0.6916 -0.7224 0.8160 0.2195 0.8172 -0.5008 -0.1821
1305033553.3078 -0.6857 -0.7129 0.8150 0.2249 0.8160 -0.4978 -0.1892
1305033553.3400 -0.6828 -0.7044 0.8122 0.2306 0.8147 -0.4949 -0.1955
1305033553.3760 -0.6801 -0.6895 0.8116 0.2371 0.8131 -0.4924 -0.2002
1305033553.4079 -0.6763 -0.6860 0.8084 0.2456 0.8113 -0.4878 -0.2084
1305033553.4401 -0.6736 -0.6754 0.8043 0.2551 0.8075 -0.4865 -0.2149
1305033553.4759 -0.6661 -0.6650 0.8065 0.2677 0.8044 -0.4826 -0.2197
1305033553.5080 -0.6628 -0.6496 0.8101 0.2783 0.8019 -0.4802 -0.2210
1305033553.5400 -0.6583 -0.6392 0.8071 0.2871 0.7989 -0.4773 -0.2268
1305033553.5760 -0.6572 -0.6315 0.8033 0.2946 0.7958 -0.4745 -0.2340
1305033553.6080 -0.6517 -0.6175 0.8063 0.3044 0.7919 -0.4716 -0.2404
1305033553.6399 -0.6476 -0.6068 0.8048 0.3130 0.7874 -0.4698 -0.2478
1305033553.6762 -0.6420 -0.5989 0.8017 0.3223 0.7819 -0.4681 -0.2561
1305033553.7080 -0.6350 -0.5910 0.8013 0.3338 0.7755 -0.4671 -0.2625
1305033553.7400 -0.6256 -0.5840 0.7977 0.3454 0.7681 -0.4676 -0.2684
1305033553.7759 -0.6160 -0.5730 0.7989 0.3544 0.7629 -0.4662 -0.2739
1305033553.8080 -0.6064 -0.5663 0.7975 0.3640 0.7573 -0.4639 -0.2807
1305033553.8400 -0.5958 -0.5551 0.7968 0.3729 0.7520 -0.4614 -0.2872
1305033553.8760 -0.5860 -0.5380 0.8010 0.3812 0.7480 -0.4586 -0.2913
1305033553.9080 -0.5779 -0.5305 0.7948 0.3903 0.7418 -0.4568 -0.2980
1305033553.9400 -0.5683 -0.5212 0.7902 0.4010 0.7348 -0.4549 -0.3039
1305033553.9760 -0.5568 -0.5171 0.7873 0.4126 0.7272 -0.4528 -0.3098
1305033554.0080 -0.5457 -0.5091 0.7855 0.4236 0.7204 -0.4515 -0.3128
1305033554.0400 -0.5343 -0.5014 0.7805 0.4340 0.7131 -0.4498 -0.3174
1305033554.0760 -0.5212 -0.4916 0.7805 0.4433 0.7080 -0.4459 -0.3216
1305033554.1080 -0.5085 -0.4860 0.7793 0.4528 0.7024 -0.4423 -0.3257
1305033554.1400 -0.4928 -0.4816 0.7704 0.4622 0.6960 -0.4397 -0.3296
1305033554.1760 -0.4856 -0.4731 0.7726 0.4704 0.6942 -0.4348 -0.3282
1305033554.2081 -0.4780 -0.4680 0.7691 0.4761 0.6909 -0.4308 -0.3322
1305033554.2402 -0.4673 -0.4623 0.7655 0.4817 0.6868 -0.4268 -0.3379
1305033554.2761 -0.4558 -0.4576 0.7635 0.4885 0.6825 -0.4232 -0.3414
1305033554.3082 -0.4469 -0.4489 0.7614 0.4958 0.6786 -0.4199 -0.3427
1305033554.3402 -0.4371 -0.4439 0.7582 0.5036 0.6730 -0.4172 -0.3455
1305033554.3760 -0.4284 -0.4406 0.7521 0.5114 0.6677 -0.4145 -0.3477
1305033554.4080 -0.4208 -0.4344 0.7483 0.5194 0.6631 -0.4119 -0.3476
1305033554.4401 -0.4141 -0.4281 0.7484 0.5258 0.6601 -0.4078 -0.3486
1305033554.4762 -0.4062 -0.4231 0.7463 0.5303 0.6563 -0.4044 -0.3528
1305033554.5080 -0.3965 -0.4153 0.7510 0.5364 0.6522 -0.4002 -0.3560
1305033554.5401 -0.3867 -0.4131 0.7535 0.5447 0.6450 -0.3956 -0.3616
1305033554.5761 -0.3764 -0.4142 0.7521 0.5526 0.6376 -0.3925 -0.3662
1305033554.6080 -0.3678 -0.4080 0.7513 0.5601 0.6310 -0.3913 -0.3673
1305033554.6399 -0.3588 -0.4034 0.7494 0.5682 0.6236 -0.3877 -0.3714
1305033554.6762 -0.3487 -0.4011 0.7459 0.5762 0.6161 -0.3850 -0.3745
1305033554.7080 -0.3382 -0.4006 0.7464 0.5836 0.6095 -0.3816 -0.3772
1305033554.7403 -0.3276 -0.3980 0.7446 0.5906 0.6025 -0.3799 -0.3793
1305033554.7760 -0.3166 -0.3980 0.7445 -0.5974 -0.5966 0.3770 0.3808
1305033554.8080 -0.3044 -0.3988 0.7422 -0.6023 -0.5916 0.3760 0.3819
1305033554.8402 -0.2914 -0.3958 0.7391 -0.6059 -0.5881 0.3759 0.3817
1305033554.8758 -0.2786 -0.3929 0.7392 -0.6101 -0.5854 0.3738 0.3813
1305033554.9080 -0.2628 -0.3902 0.7432 -0.6141 -0.5832 0.3718 0.3800
1305033554.9402 -0.2498 -0.3904 0.7412 -0.6167 -0.5810 0.3702 0.3809
1305033554.9760 -0.2380 -0.3908 0.7397 -0.6197 -0.5785 0.3687 0.3813
1305033555.0078 -0.2256 -0.3914 0.7400 -0.6220 -0.5774 0.3668 0.3811
1305033555.0399 -0.2137 -0.3899 0.7386 -0.6225 -0.5768 0.3660 0.3818
1305033555.0758 -0.2005 -0.3907 0.7412 -0.6234 -0.5762 0.3650 0.3823
1305033555.1079 -0.1912 -0.3942 0.7401 -0.6229 -0.5756 0.3644 0.3846
1305033555.1399 -0.1816 -0.3927 0.7400 -0.6221 -0.5751 0.3651 0.3861
1305033555.1758 -0.1721 -0.3957 0.7409 -0.6222 -0.5731 0.3643 0.3895
1305033555.2114 -0.1608 -0.4016 0.7401 -0.6225 -0.5703 0.3645 0.3929
1305033555.2399 -0.1517 -0.4030 0.7383 -0.6222 -0.5694 0.3655 0.3938
1305033555.2759 -0.1421 -0.4061 0.7357 -0.6216 -0.5686 0.3650 0.3964
1305033555.3079 -0.1306 -0.4104 0.7318 -0.6221 -0.5669 0.3647 0.3982
1305033555.3400 -0.1194 -0.4154 0.7318 -0.6228 -0.5672 0.3631 0.3981
1305033555.3761 -0.1083 -0.4174 0.7315 -0.6234 -0.5676 0.3630 0.3969
1305033555.4079 -0.0977 -0.4211 0.7287 -0.6235 -0.5678 0.3623 0.3969
1305033555.4398 -0.0877 -0.4255 0.7267 -0.6237 -0.5685 0.3613 0.3965
1305033555.4758 -0.0786 -0.4293 0.7256 -0.6240 -0.5694 0.3609 0.3952
1305033555.5081 -0.0672 -0.4324 0.7241 -0.6242 -0.5695 0.3620 0.3937
1305033555.5402 -0.0598 -0.4364 0.7217 -0.6248 -0.5702 0.3613 0.3925
1305033555.5760 -0.0520 -0.4388 0.7203 -0.6249 -0.5708 0.3601 0.3924
1305033555.6079 -0.0443 -0.4419 0.7216 -0.6263 -0.5710 0.3588 0.3911
1305033555.6400 -0.0388 -0.4435 0.7206 -0.6268 -0.5714 0.3585 0.3900
1305033555.6761 -0.0340 -0.4442 0.7174 -0.6271 -0.5712 0.3586 0.3898
1305033555.7080 -0.0293 -0.4471 0.7162 -0.6280 -0.5708 0.3576 0.3899
1305033555.7401 -0.0253 -0.4457 0.7150 -0.6286 -0.5709 0.3581 0.3882
1305033555.7760 -0.0226 -0.4444 0.7140 -0.6292 -0.5709 0.3583 0.3870
1305033555.8080 -0.0203 -0.4445 0.7137 -0.6295 -0.5706 0.3580 0.3872
1305033555.8399 -0.0185 -0.4449 0.7133 -0.6309 -0.5689 0.3584 0.3871
1305033555.8760 -0.0170 -0.4435 0.7109 -0.6340 -0.5658 0.3597 0.3854
1305033555.9082 -0.0175 -0.4408 0.7116 -0.6379 -0.5627 0.3605 0.3828
1305033555.9401 -0.0175 -0.4392 0.7119 -0.6409 -0.5597 0.3609 0.3818
1305033556.0402 -0.0203 -0.4328 0.7106 -0.6439 -0.5571 0.3578 0.3835
1305033556.0760 -0.0212 -0.4281 0.7110 -0.6445 -0.5567 0.3571 0.3837
1305033556.1081 -0.0238 -0.4284 0.7130 -0.6460 -0.5561 0.3540 0.3849
1305033556.1401 -0.0258 -0.4265 0.7117 -0.6479 -0.5538 0.3541 0.3848
1305033556.1761 -0.0313 -0.4260 0.7105 -0.6505 -0.5515 0.3530 0.3849
1305033556.2080 -0.0350 -0.4225 0.7095 -0.6522 -0.5494 0.3528 0.3850
1305033556.2399 -0.0394 -0.4211 0.7106 -0.6544 -0.5478 0.3512 0.3851
1305033556.2760 -0.0446 -0.4167 0.7126 -0.6563 -0.5468 0.3499 0.3845
1305033556.3079 -0.0501 -0.4144 0.7128 -0.6583 -0.5446 0.3493 0.3847
1305033556.3400 -0.0569 -0.4105 0.7127 -0.6599 -0.5429 0.3484 0.3852
1305033556.3759 -0.0642 -0.4063 0.7126 -0.6621 -0.5409 0.3468 0.3859
1305033556.4080 -0.0718 -0.4022 0.7118 -0.6644 -0.5379 0.3451 0.3875
1305033556.4400 -0.0815 -0.4015 0.7126 -0.6683 -0.5339 0.3417 0.3893
1305033556.4759 -0.0907 -0.3999 0.7132 -0.6711 -0.5305 0.3393 0.3912
1305033556.5079 -0.0997 -0.3970 0.7146 -0.6737 -0.5278 0.3378 0.3918
1305033556.5400 -0.1112 -0.3920 0.7121 -0.6752 -0.5249 0.3375 0.3933
1305033556.5759 -0.1220 -0.3902 0.7148 -0.6783 -0.5219 0.3346 0.3945
1305033556.6079 -0.1327 -0.3853 0.7172 -0.6807 -0.5192 0.3338 0.3945
1305033556.6400 -0.1429 -0.3792 0.7201 -0.6828 -0.5164 0.3321 0.3960
1305033556.6760 -0.1523 -0.3725 0.7208 -0.6853 -0.5129 0.3300 0.3979
1305033556.7080 -0.1641 -0.3682 0.7235 -0.6893 -0.5091 0.3268 0.3986
1305033556.7400 -0.1743 -0.3620 0.7225 -0.6926 -0.5047 0.3257 0.3993
1305033556.7760 -0.1866 -0.3539 0.7203 -0.6962 -0.5004 0.3237 0.4001
1305033556.8080 -0.2000 -0.3445 0.7164 -0.6994 -0.4961 0.3204 0.4025
1305033556.8399 -0.2112 -0.3374 0.7214 -0.7043 -0.4926 0.3153 0.4025
1305033556.8760 -0.2234 -0.3311 0.7187 -0.7080 -0.4874 0.3120 0.4049
1305033556.9079 -0.2346 -0.3225 0.7223 -0.7133 -0.4826 0.3081 0.4043
1305033556.9400 -0.2463 -0.3156 0.7286 -0.7183 -0.4781 0.3027 0.4047
1305033556.9759 -0.2564 -0.3054 0.7305 -0.7217 -0.4732 0.2995 0.4068
1305033557.0079 -0.2656 -0.3013 0.7363 -0.7261 -0.4680 0.2941 0.4089
1305033557.0400 -0.2744 -0.2932 0.7423 -0.7306 -0.4622 0.2915 0.4095
1305033557.0759 -0.2852 -0.2882 0.7424 -0.7343 -0.4555 0.2898 0.4115
1305033557.2080 -0.3224 -0.2633 0.7488 -0.7459 -0.4351 0.2813 0.4185
1305033557.2400 -0.3315 -0.2602 0.7507 -0.7483 -0.4302 0.2795 0.4206
1305033557.2761 -0.3407 -0.2557 0.7524 -0.7500 -0.4257 0.2801 0.4217
1305033557.3079 -0.3498 -0.2511 0.7533 -0.7511 -0.4223 0.2806 0.4228
1305033557.3400 -0.3575 -0.2436 0.7550 -0.7521 -0.4200 0.2808 0.4232
1305033557.3761 -0.3650 -0.2403 0.7569 -0.7535 -0.4170 0.2791 0.4247
1305033557.4084 -0.3716 -0.2366 0.7570 -0.7556 -0.4130 0.2789 0.4252
1305033557.4402 -0.3801 -0.2320 0.7568 -0.7580 -0.4102 0.2782 0.4241
1305033557.4760 -0.3875 -0.2254 0.7575 -0.7597 -0.4089 0.2772 0.4229
1305033557.5090 -0.3950 -0.2191 0.7548 -0.7607 -0.4074 0.2762 0.4232
1305033557.5401 -0.4050 -0.2174 0.7587 -0.7638 -0.4058 0.2715 0.4221
1305033557.5760 -0.4152 -0.2123 0.7543 -0.7654 -0.4020 0.2708 0.4234
1305033557.6081 -0.4227 -0.2048 0.7546 -0.7676 -0.4000 0.2700 0.4218
1305033557.6401 -0.4316 -0.1925 0.7500 -0.7696 -0.3966 0.2691 0.4218
1305033557.6759 -0.4408 -0.1866 0.7496 -0.7727 -0.3926 0.2657 0.4223
1305033557.7080 -0.4524 -0.1809 0.7474 -0.7747 -0.3900 0.2634 0.4223
1305033557.7399 -0.4573 -0.1700 0.7476 -0.7759 -0.3890 0.2634 0.4211
1305033557.7759 -0.4634 -0.1613 0.7491 -0.7779 -0.3879 0.2598 0.4206
1305033557.8079 -0.4721 -0.1546 0.7446 -0.7799 -0.3847 0.2570 0.4215
1305033557.8399 -0.4780 -0.1440 0.7445 -0.7818 -0.3834 0.2552 0.4204
1305033557.8760 -0.4856 -0.1354 0.7459 -0.7844 -0.3807 0.2512 0.4203
1305033557.9081 -0.4942 -0.1292 0.7447 -0.7875 -0.3760 0.2477 0.4208
1305033557.9401 -0.5007 -0.1196 0.7429 -0.7904 -0.3714 0.2462 0.4203
1305033557.9760 -0.5070 -0.1089 0.7406 -0.7939 -0.3657 0.2445 0.4197
1305033558.0081 -0.5135 -0.0990 0.7384 -0.7971 -0.3602 0.2424 0.4196
1305033558.0399 -0.5211 -0.0881 0.7374 -0.8009 -0.3547 0.2395 0.4188
1305033558.0759 -0.5272 -0.0774 0.7392 -0.8043 -0.3498 0.2367 0.4181
1305033558.1080 -0.5316 -0.0687 0.7403 -0.8071 -0.3444 0.2349 0.4181
1305033558.1400 -0.5383 -0.0599 0.7429 -0.8104 -0.3395 0.2313 0.4177
1305033558.1760 -0.5424 -0.0505 0.7440 -0.8132 -0.3339 0.2282 0.4185
1305033558.2079 -0.5495 -0.0405 0.7460 -0.8166 -0.3280 0.2249 0.4184
1305033558.5760 -0.5664 0.0688 0.7484 -0.8442 -0.2522 0.1897 0.4332
1305033558.6080 -0.5659 0.0798 0.7430 -0.8458 -0.2435 0.1874 0.4362
1305033558.6401 -0.5628 0.0897 0.7491 -0.8487 -0.2376 0.1830 0.4355
1305033558.6760 -0.5631 0.0990 0.7470 -0.8501 -0.2302 0.1776 0.4391
1305033558.7080 -0.5629 0.1072 0.7482 -0.8518 -0.2234 0.1725 0.4413
1305033558.7401 -0.5593 0.1187 0.7457 -0.8532 -0.2151 0.1696 0.4438
1305033558.7760 -0.5567 0.1306 0.7425 -0.8552 -0.2043 0.1665 0.4462
1305033558.8080 -0.5555 0.1403 0.7405 -0.8576 -0.1931 0.1629 0.4480
1305033558.8399 -0.5532 0.1505 0.7400 -0.8608 -0.1801 0.1596 0.4484
1305033558.8766 -0.5534 0.1586 0.7394 -0.8639 -0.1657 0.1550 0.4497
1305033558.9081 -0.5502 0.1669 0.7437 -0.8669 -0.1538 0.1512 0.4495
1305033558.9400 -0.5506 0.1703 0.7450 -0.8686 -0.1425 0.1462 0.4515
1305033558.9763 -0.5486 0.1764 0.7460 -0.8686 -0.1374 0.1414 0.4546
1305033559.0080 -0.5457 0.1820 0.7436 -0.8682 -0.1335 0.1363 0.4582
1305033559.0404 -0.5453 0.1866 0.7442 -0.8689 -0.1283 0.1316 0.4596
1305033559.0768 -0.5428 0.1936 0.7453 -0.8688 -0.1256 0.1281 0.4615
1305033559.1096 -0.5389 0.2001 0.7464 -0.8683 -0.1221 0.1246 0.4643
1305033559.1399 -0.5370 0.2039 0.7465 -0.8679 -0.1171 0.1201 0.4676
1305033559.1760 -0.5365 0.2074 0.7466 -0.8679 -0.1113 0.1158 0.4701
1305033559.2080 -0.5357 0.2112 0.7455 -0.8677 -0.1059 0.1123 0.4725
1305033559.2399 -0.5347 0.2141 0.7441 -0.8677 -0.1001 0.1090 0.4746
1305033559.2760 -0.5369 0.2162 0.7453 -0.8685 -0.0950 0.1050 0.4751
1305033559.3079 -0.5358 0.2196 0.7452 -0.8682 -0.0939 0.1038 0.4761
1305033559.3401 -0.5360 0.2202 0.7454 -0.8673 -0.0948 0.1018 0.4780
1305033559.3760 -0.5365 0.2189 0.7454 -0.8664 -0.0961 0.0996 0.4798
1305033559.4080 -0.5345 0.2186 0.7458 -0.8664 -0.0969 0.0992 0.4797
1305033559.4400 -0.5335 0.2163 0.7451 -0.8668 -0.0970 0.0987 0.4791
1305033559.4760 -0.5329 0.2129 0.7453 -0.8677 -0.0967 0.0980 0.4776
1305033559.5079 -0.5329 0.2091 0.7433 -0.8684 -0.0965 0.0979 0.4763
1305033559.7760 -0.5307 0.1608 0.7350 -0.8739 -0.1136 0.1116 0.4592
1305033559.8080 -0.5293 0.1547 0.7332 -0.8745 -0.1156 0.1142 0.4570
1305033559.8401 -0.5299 0.1455 0.7329 -0.8750 -0.1192 0.1155 0.4548
1305033559.8759 -0.5280 0.1378 0.7332 -0.8751 -0.1247 0.1191 0.4522
1305033559.9081 -0.5271 0.1291 0.7321 -0.8744 -0.1315 0.1210 0.4511
1305033559.9401 -0.5243 0.1215 0.7313 -0.8736 -0.1390 0.1235 0.4497
1305033559.9760 -0.5224 0.1120 0.7321 -0.8731 -0.1454 0.1251 0.4482
1305033560.0081 -0.5195 0.1031 0.7299 -0.8727 -0.1500 0.1291 0.4464
1305033560.0400 -0.5172 0.0947 0.7291 -0.8729 -0.1548 0.1316 0.4435
1305033560.0761 -0.5137 0.0841 0.7316 -0.8729 -0.1618 0.1338 0.4404
1305033560.1079 -0.5107 0.0713 0.7344 -0.8726 -0.1694 0.1365 0.4374
1305033560.1400 -0.5072 0.0636 0.7323 -0.8708 -0.1784 0.1403 0.4361
1305033560.1760 -0.5046 0.0515 0.7335 -0.8691 -0.1876 0.1429 0.4349
1305033560.2079 -0.5017 0.0377 0.7340 -0.8669 -0.1963 0.1451 0.4346
1305033560.2401 -0.4992 0.0236 0.7351 -0.8652 -0.2041 0.1468 0.4338
1305033560.2759 -0.4964 0.0112 0.7341 -0.8632 -0.2120 0.1500 0.4329
1305033560.3081 -0.4933 -0.0016 0.7326 -0.8612 -0.2189 0.1534 0.4323
1305033560.3408 -0.4906 -0.0156 0.7351 -0.8597 -0.2272 0.1557 0.4302
1305033560.3761 -0.4847 -0.0277 0.7362 -0.8568 -0.2365 0.1612 0.4288
1305033560.4082 -0.4807 -0.0396 0.7382 -0.8542 -0.2457 0.1656 0.4273
1305033560.4401 -0.4747 -0.0518 0.7385 -0.8500 -0.2564 0.1706 0.4273
1305033560.4762 -0.4689 -0.0685 0.7412 -0.8466 -0.2648 0.1748 0.4273
1305033560.5080 -0.4618 -0.0821 0.7404 -0.8436 -0.2708 0.1816 0.4266
1305033560.5401 -0.4540 -0.0941 0.7434 -0.8412 -0.2777 0.1887 0.4239
1305033560.5761 -0.4455 -0.1065 0.7458 -0.8379 -0.2858 0.1949 0.4222
1305033560.6081 -0.4391 -0.1195 0.7409 -0.8333 -0.2928 0.2009 0.4237
1305033560.6401 -0.4314 -0.1347 0.7419 -0.8298 -0.2994 0.2045 0.4243
1305033560.6760 -0.4236 -0.1490 0.7443 -0.8267 -0.3070 0.2087 0.4229
1305033560.7083 -0.4135 -0.1595 0.7476 -0.8232 -0.3153 0.2140 0.4208
1305033560.7400 -0.4070 -0.1726 0.7490 -0.8201 -0.3219 0.2184 0.4198
1305033560.7761 -0.3989 -0.1839 0.7518 -0.8160 -0.3304 0.2242 0.4179
1305033560.8080 -0.3914 -0.1936 0.7510 -0.8121 -0.3376 0.2288 0.4173
1305033560.8401 -0.3833 -0.2039 0.7529 -0.8094 -0.3428 0.2327 0.4163
1305033561.0760 -0.3351 -0.2916 0.7526 -0.8010 -0.3813 0.2394 0.3945
1305033561.1080 -0.3277 -0.3021 0.7467 -0.7956 -0.3905 0.2421 0.3949
1305033561.1760 -0.3149 -0.3270 0.7469 -0.7897 -0.4064 0.2477 0.3872
1305033561.2079 -0.3085 -0.3334 0.7502 -0.7851 -0.4168 0.2514 0.3831
1305033561.2441 -0.2988 -0.3415 0.7522 -0.7803 -0.4252 0.2543 0.3817
1305033561.2760 -0.2959 -0.3584 0.7529 -0.7786 -0.4301 0.2545 0.3795
1305033561.3080 -0.2916 -0.3641 0.7572 -0.7751 -0.4394 0.2585 0.3733
1305033561.3443 -0.2890 -0.3724 0.7616 -0.7717 -0.4453 0.2616 0.3712
1305033561.3760 -0.2862 -0.3813 0.7653 -0.7667 -0.4525 0.2664 0.3694
1305033561.4081 -0.2788 -0.3797 0.7649 -0.7603 -0.4592 0.2756 0.3677
1305033561.4442 -0.2767 -0.3887 0.7627 -0.7559 -0.4624 0.2796 0.3696
1305033561.4759 -0.2732 -0.3922 0.7644 -0.7521 -0.4666 0.2861 0.3670
1305033561.5090 -0.2668 -0.3922 0.7644 -0.7483 -0.4702 0.2927 0.3651
1305033561.5444 -0.2659 -0.4009 0.7656 -0.7476 -0.4707 0.2937 0.3651
1305033561.5762 -0.2638 -0.4071 0.7690 -0.7455 -0.4724 0.2969 0.3646
1305033561.6082 -0.2599 -0.4116 0.7666 -0.7415 -0.4743 0.3021 0.3660
1305033561.6438 -0.2561 -0.4154 0.7650 -0.7380 -0.4765 0.3063 0.3668
1305033561.6762 -0.2524 -0.4176 0.7642 -0.7342 -0.4784 0.3118 0.3671
1305033561.7082 -0.2473 -0.4272 0.7645 -0.7310 -0.4797 0.3164 0.3680
1305033561.7443 -0.2409 -0.4310 0.7618 -0.7261 -0.4837 0.3227 0.3668
1305033561.7761 -0.2374 -0.4361 0.7649 -0.7228 -0.4879 0.3247 0.3661
1305033561.8081 -0.2330 -0.4439 0.7669 -0.7185 -0.4917 0.3274 0.3672
1305033561.8440 -0.2241 -0.4474 0.7641 -0.7130 -0.4942 0.3339 0.3686
1305033561.8762 -0.2188 -0.4509 0.7661 -0.7108 -0.4966 0.3368 0.3671
1305033561.9081 -0.2120 -0.4572 0.7692 -0.7095 -0.4971 0.3384 0.3674
1305033561.9442 -0.2083 -0.4651 0.7676 -0.7080 -0.4979 0.3393 0.3683
1305033561.9760 -0.2054 -0.4668 0.7746 -0.7066 -0.5012 0.3400 0.3659
1305033562.0083 -0.2006 -0.4737 0.7795 -0.7052 -0.5004 0.3433 0.3666
1305033562.0439 -0.1962 -0.4803 0.7878 -0.7036 -0.5011 0.3473 0.3650
1305033562.4082 -0.1636 -0.5139 0.8730 -0.6698 -0.5034 0.3902 0.3817
1305033562.4440 -0.1603 -0.5178 0.8747 -0.6662 -0.5041 0.3919 0.3854
1305033562.4762 -0.1572 -0.5187 0.8770 -0.6641 -0.5048 0.3935 0.3863
1305033562.5082 -0.1552 -0.5178 0.8794 -0.6623 -0.5064 0.3947 0.3861
1305033562.5441 -0.1532 -0.5187 0.8793 -0.6599 -0.5076 0.3949 0.3884
1305033562.5760 -0.1497 -0.5207 0.8834 -0.6594 -0.5080 0.3946 0.3891
1305033562.6082 -0.1466 -0.5240 0.8837 -0.6595 -0.5070 0.3958 0.3891
1305033562.6440 -0.1443 -0.5230 0.8881 -0.6589 -0.5082 0.3965 0.3878
1305033562.6761 -0.1426 -0.5209 0.8853 -0.6562 -0.5090 0.3979 0.3899
1305033562.7094 -0.1388 -0.5242 0.8842 -0.6540 -0.5095 0.3982 0.3926
1305033562.7440 -0.1364 -0.5257 0.8829 -0.6519 -0.5106 0.3986 0.3943
1305033562.7759 -0.1321 -0.5170 0.8843 -0.6510 -0.5113 0.4003 0.3930
1305033562.8084 -0.1279 -0.5177 0.8830 -0.6520 -0.5090 0.4015 0.3932
1305033562.8442 -0.1229 -0.5175 0.8808 -0.6533 -0.5073 0.4026 0.3920
1305033562.8761 -0.1198 -0.5124 0.8730 -0.6540 -0.5061 0.4025 0.3926
1305033562.9079 -0.1156 -0.5134 0.8722 -0.6568 -0.5044 0.3985 0.3942
1305033562.9440 -0.1102 -0.5169 0.8755 -0.6607 -0.5025 0.3951 0.3937
1305033562.9759 -0.1076 -0.5209 0.8726 -0.6632 -0.4999 0.3948 0.3929
1305033563.0080 -0.1021 -0.5171 0.8682 -0.6634 -0.4997 0.3965 0.3911
1305033563.0440 -0.0963 -0.5212 0.8635 -0.6639 -0.4991 0.3957 0.3919
1305033563.0758 -0.0898 -0.5246 0.8658 -0.6653 -0.5002 0.3942 0.3896
1305033563.1080 -0.0873 -0.5214 0.8603 -0.6638 -0.5028 0.3940 0.3889
1305033563.1439 -0.0837 -0.5188 0.8548 -0.6631 -0.5041 0.3921 0.3904
1305033563.1759 -0.0788 -0.5202 0.8553 -0.6643 -0.5043 0.3885 0.3917
1305033563.2081 -0.0744 -0.5217 0.8527 -0.6656 -0.5024 0.3875 0.3928
1305033563.2440 -0.0664 -0.5209 0.8499 -0.6672 -0.4993 0.3878 0.3938
1305033563.2760 -0.0557 -0.5176 0.8457 -0.6688 -0.4970 0.3868 0.3950
1305033563.3080 -0.0400 -0.5048 0.8439 -0.6713 -0.4964 0.3835 0.3948
1305033563.3440 -0.0326 -0.5040 0.8296 -0.6750 -0.4918 0.3784 0.3992
1305033563.3761 -0.0202 -0.5014 0.8265 -0.6803 -0.4893 0.3730 0.3982
1305033563.4080 -0.0087 -0.4997 0.8199 -0.6858 -0.4847 0.3685 0.3987
1305033563.4440 0.0050 -0.4976 0.8210 -0.6926 -0.4797 0.3643 0.3967
1305033563.4760 0.0177 -0.4988 0.8257 -0.6985 -0.4750 0.3601 0.3960
1305033564.8080 0.4016 -0.6302 0.6979 -0.7739 -0.3872 0.2820 0.4142
1305033564.8440 0.4138 -0.6359 0.6975 -0.7780 -0.3828 0.2771 0.4139
1305033564.8761 0.4278 -0.6423 0.6992 -0.7818 -0.3780 0.2747 0.4128
1305033564.9081 0.4411 -0.6432 0.6961 -0.7844 -0.3735 0.2750 0.4119
1305033564.9440 0.4561 -0.6443 0.6993 -0.7872 -0.3708 0.2723 0.4107
1305033564.9760 0.4670 -0.6511 0.6960 -0.7901 -0.3659 0.2689 0.4117
1305033565.0079 0.4753 -0.6571 0.6933 -0.7934 -0.3616 0.2641 0.4124
1305033565.0439 0.4880 -0.6585 0.6903 -0.7966 -0.3571 0.2619 0.4114
1305033565.0759 0.4973 -0.6613 0.6868 -0.8003 -0.3516 0.2582 0.4114
1305033565.1079 0.5078 -0.6642 0.6838 -0.8039 -0.3460 0.2555 0.4109
1305033565.1440 0.5190 -0.6658 0.6845 -0.8076 -0.3407 0.2516 0.4104
1305033565.1759 0.5277 -0.6707 0.6804 -0.8113 -0.3332 0.2461 0.4126
1305033565.2080 0.5368 -0.6756 0.6806 -0.8152 -0.3258 0.2408 0.4138
1305033565.2450 0.5454 -0.6799 0.6812 -0.8196 -0.3178 0.2364 0.4140
1305033565.2764 0.5538 -0.6862 0.6781 -0.8230 -0.3097 0.2316 0.4161
1305033565.3079 0.5631 -0.6913 0.6784 -0.8270 -0.3018 0.2263 0.4168
1305033565.3450 0.5748 -0.6984 0.6802 -0.8313 -0.2932 0.2209 0.4173
1305033565.3766 0.5811 -0.7047 0.6803 -0.8356 -0.2848 0.2146 0.4178
1305033565.4079 0.5889 -0.7099 0.6806 -0.8388 -0.2784 0.2094 0.4184
1305033565.4443 0.5975 -0.7125 0.6786 -0.8409 -0.2723 0.2052 0.4203
1305033565.4761 0.6059 -0.7198 0.6770 -0.8436 -0.2640 0.2012 0.4220
1305033565.5079 0.6117 -0.7280 0.6736 -0.8464 -0.2557 0.1975 0.4233
1305033565.5441 0.6267 -0.7341 0.6747 -0.8497 -0.2488 0.1960 0.4215
1305033565.5760 0.6361 -0.7402 0.6723 -0.8531 -0.2419 0.1903 0.4213
1305033565.6081 0.6444 -0.7438 0.6768 -0.8574 -0.2375 0.1836 0.4181
1305033565.6442 0.6503 -0.7520 0.6769 -0.8605 -0.2298 0.1789 0.4181
1305033565.6761 0.6590 -0.7594 0.6762 -0.8623 -0.2235 0.1755 0.4191
1305033565.7092 0.6683 -0.7661 0.6748 -0.8647 -0.2157 0.1717 0.4200
1305033565.7440 0.6749 -0.7743 0.6754 -0.8677 -0.2067 0.1671 0.4200
1305033565.7760 0.6808 -0.7821 0.6722 -0.8692 -0.2000 0.1632 0.4217
1305033565.8084 0.6917 -0.7875 0.6712 -0.8705 -0.1955 0.1601 0.4224
1305033565.8440 0.6990 -0.7945 0.6690 -0.8725 -0.1879 0.1544 0.4238
1305033565.8759 0.7069 -0.8024 0.6673 -0.8744 -0.1807 0.1493 0.4248
1305033565.9080 0.7176 -0.8065 0.6656 -0.8763 -0.1741 0.1471 0.4244
1305033565.9441 0.7276 -0.8103 0.6649 -0.8780 -0.1680 0.1433 0.4247
1305033565.9758 0.7351 -0.8181 0.6646 -0.8796 -0.1619 0.1374 0.4257
1305033566.0079 0.7443 -0.8235 0.6635 -0.8806 -0.1579 0.1329 0.4266
1305033566.0440 0.7567 -0.8287 0.6635 -0.8814 -0.1533 0.1293 0.4278
1305033566.0759 0.7621 -0.8373 0.6649 -0.8832 -0.1462 0.1230 0.4283
1305033566.1079 0.7725 -0.8434 0.6647 -0.8849 -0.1396 0.1204 0.4278
1305033566.1440 0.7821 -0.8486 0.6641 -0.8864 -0.1330 0.1169 0.4276
1305033566.1770 0.7926 -0.8558 0.6653 -0.8879 -0.1268 0.1125 0.4277
1305033566.2080 0.8030 -0.8632 0.6605 -0.8878 -0.1221 0.1084 0.4304
1305033566.2440 0.8127 -0.8689 0.6597 -0.8891 -0.1159 0.1043 0.4303
1305033566.2760 0.8205 -0.8756 0.6579 -0.8902 -0.1083 0.1003 0.4310
1305033566.3080 0.8318 -0.8822 0.6567 -0.8911 -0.1004 0.0987 0.4313
1305033566.3442 0.8430 -0.8875 0.6555 -0.8925 -0.0919 0.0976 0.4306
1305033566.3760 0.8546 -0.8961 0.6467 -0.8914 -0.0846 0.0962 0.4347
1305033566.4083 0.8634 -0.9043 0.6459 -0.8924 -0.0774 0.0927 0.4347
1305033566.4439 0.8725 -0.9152 0.6402 -0.8925 -0.0705 0.0884 0.4366
1305033566.4760 0.8830 -0.9233 0.6408 -0.8943 -0.0627 0.0850 0.4349
1305033566.5081 0.8900 -0.9332 0.6345 -0.8944 -0.0536 0.0816 0.4364
1305033566.5440 0.8951 -0.9404 0.6339 -0.8966 -0.0446 0.0778 0.4337
1305033566.5761 0.9033 -0.9491 0.6324 -0.8980 -0.0361 0.0752 0.4320
1305033566.6082 0.9110 -0.9580 0.6286 -0.8986 -0.0290 0.0716 0.4320
1305033566.6448 0.9207 -0.9666 0.6257 -0.8995 -0.0227 0.0687 0.4310
1305033566.6760 0.9300 -0.9754 0.6229 -0.9002 -0.0155 0.0640 0.4305
1305033566.7080 0.9376 -0.9875 0.6212 -0.9008 -0.0064 0.0592 0.4301
1305033566.7439 0.9460 -0.9947 0.6212 -0.9024 0.0037 0.0568 0.4272
1305033566.7759 0.9537 -1.0037 0.6206 -0.9031 0.0142 0.0535 0.4259
1305033566.8164 0.9602 -1.0122 0.6216 -0.9037 0.0243 0.0496 0.4247
1305033566.8449 0.9638 -1.0194 0.6204 -0.9037 0.0348 0.0446 0.4245
1305033566.8762 0.9681 -1.0273 0.6170 -0.9030 0.0445 0.0405 0.4254
1305033566.9080 0.9728 -1.0350 0.6162 -0.9026 0.0545 0.0374 0.4254
1305033566.9440 0.9775 -1.0437 0.6130 -0.9012 0.0636 0.0337 0.4275
1305033566.9759 0.9797 -1.0522 0.6116 -0.9005 0.0723 0.0283 0.4279
1305033567.0080 0.9861 -1.0603 0.6095 -0.9002 0.0801 0.0248 0.4274
1305033567.0440 0.9899 -1.0678 0.6068 -0.9002 0.0879 0.0184 0.4261
1305033567.0764 0.9891 -1.0733 0.6081 -0.9003 0.0978 0.0116 0.4241
1305033567.1089 0.9908 -1.0835 0.6030 -0.8990 0.1064 0.0077 0.4247
1305033567.1440 0.9923 -1.0911 0.6005 -0.8987 0.1153 0.0035 0.4231
1305033567.1771 0.9971 -1.1039 0.5980 -0.8980 0.1228 0.0009 0.4225
1305033567.2081 0.9975 -1.1096 0.5935 -0.8982 0.1304 -0.0053 0.4198
1305033567.2440 0.9984 -1.1188 0.5894 -0.8977 0.1386 -0.0100 0.4181
1305033567.2759 0.9963 -1.1252 0.5861 -0.8978 0.1479 -0.0153 0.4145
1305033567.3081 0.9943 -1.1313 0.5851 -0.8984 0.1558 -0.0196 0.4101
1305033567.3440 0.9905 -1.1381 0.5841 -0.8986 0.1637 -0.0232 0.4065
1305033567.3759 0.9904 -1.1440 0.5823 -0.8987 0.1696 -0.0242 0.4037
1305033567.4080 0.9904 -1.1511 0.5790 -0.8985 0.1748 -0.0259 0.4017
1305033567.4439 0.9893 -1.1582 0.5773 -0.8984 0.1804 -0.0282 0.3993
1305033567.4760 0.9869 -1.1636 0.5760 -0.8986 0.1854 -0.0296 0.3966
1305033567.5080 0.9870 -1.1691 0.5737 -0.8985 0.1896 -0.0297 0.3948
1305033567.5441 0.9870 -1.1739 0.5743 -0.8987 0.1938 -0.0310 0.3922
1305033567.5760 0.9843 -1.1774 0.5726 -0.8983 0.1985 -0.0336 0.3905
1305033567.6081 0.9828 -1.1807 0.5715 -0.8984 0.2020 -0.0343 0.3883
1305033567.6438 0.9847 -1.1843 0.5691 -0.8984 0.2046 -0.0337 0.3870
1305033567.6761 0.9877 -1.1882 0.5655 -0.8982 0.2065 -0.0338 0.3865
1305033567.7081 0.9907 -1.1885 0.5653 -0.8988 0.2086 -0.0349 0.3840
1305033567.7439 0.9935 -1.1889 0.5657 -0.8982 0.2115 -0.0364 0.3836
1305033567.7761 0.9960 -1.1868 0.5664 -0.8974 0.2156 -0.0377 0.3831
1305033567.8080 1.0004 -1.1838 0.5688 -0.8966 0.2184 -0.0380 0.3834
1305033567.8439 1.0027 -1.1812 0.5694 -0.8951 0.2213 -0.0393 0.3850
1305033567.8760 1.0074 -1.1757 0.5712 -0.8944 0.2235 -0.0400 0.3853
1305033567.9079 1.0132 -1.1721 0.5728 -0.8932 0.2256 -0.0408 0.3867
1305033567.9441 1.0205 -1.1668 0.5760 -0.8923 0.2279 -0.0418 0.3874
1305033567.9759 1.0246 -1.1636 0.5765 -0.8905 0.2295 -0.0439 0.3904
1305033568.0080 1.0285 -1.1593 0.5777 -0.8889 0.2316 -0.0458 0.3925
1305033568.0447 1.0307 -1.1521 0.5780 -0.8875 0.2342 -0.0485 0.3939
1305033568.0765 1.0386 -1.1473 0.5779 -0.8867 0.2348 -0.0478 0.3954
1305033568.1079 1.0448 -1.1401 0.5793 -0.8864 0.2344 -0.0497 0.3961
1305033568.1448 1.0490 -1.1302 0.5796 -0.8857 0.2348 -0.0520 0.3972
1305033568.1759 1.0568 -1.1230 0.5795 -0.8846 0.2350 -0.0501 0.3997
1305033568.2088 1.0628 -1.1170 0.5782 -0.8837 0.2344 -0.0503 0.4019
1305033568.2449 1.0694 -1.1094 0.5773 -0.8829 0.2353 -0.0508 0.4032
1305033568.2768 1.0769 -1.1028 0.5759 -0.8824 0.2353 -0.0503 0.4043
1305033568.3090 1.0844 -1.0940 0.5758 -0.8826 0.2357 -0.0499 0.4036
1305033568.3445 1.0919 -1.0847 0.5756 -0.8827 0.2364 -0.0499 0.4032
1305033568.3763 1.0982 -1.0725 0.5769 -0.8826 0.2379 -0.0496 0.4024
1305033568.4081 1.1044 -1.0640 0.5764 -0.8820 0.2387 -0.0480 0.4036
1305033568.4439 1.1122 -1.0539 0.5760 -0.8817 0.2388 -0.0460 0.4044
1305033568.4776 1.1212 -1.0444 0.5749 -0.8822 0.2375 -0.0448 0.4042
1305033568.5106 1.1266 -1.0332 0.5744 -0.8823 0.2368 -0.0462 0.4041
1305033568.5445 1.1343 -1.0240 0.5734 -0.8828 0.2362 -0.0453 0.4034
1305033568.5772 1.1439 -1.0148 0.5719 -0.8832 0.2372 -0.0441 0.4023
1305033568.6124 1.1518 -1.0044 0.5719 -0.8836 0.2388 -0.0441 0.4004
1305033568.6450 1.1580 -0.9937 0.5732 -0.8840 0.2398 -0.0440 0.3990
1305033568.6767 1.1668 -0.9799 0.5769 -0.8852 0.2393 -0.0429 0.3967
1305033568.7124 1.1746 -0.9684 0.5805 -0.8856 0.2381 -0.0426 0.3965
1305033568.8441 1.2050 -0.9232 0.5844 -0.8829 0.2378 -0.0400 0.4029
1305033568.8760 1.2112 -0.9125 0.5865 -0.8829 0.2367 -0.0419 0.4033
1305033568.9126 1.2184 -0.9008 0.5875 -0.8827 0.2371 -0.0431 0.4035
1305033568.9452 1.2283 -0.8895 0.5885 -0.8822 0.2386 -0.0435 0.4035
1305033568.9761 1.2354 -0.8765 0.5909 -0.8812 0.2417 -0.0448 0.4038
1305033569.0101 1.2426 -0.8656 0.5920 -0.8803 0.2433 -0.0449 0.4049
1305033569.0440 1.2530 -0.8512 0.5942 -0.8800 0.2436 -0.0451 0.4052
1305033569.9104 1.4660 -0.5063 0.6024 -0.8668 0.2536 -0.0787 0.4220
1305033569.9448 1.4709 -0.4971 0.6014 -0.8664 0.2541 -0.0746 0.4233
1305033569.9817 1.4787 -0.4905 0.5983 -0.8671 0.2518 -0.0711 0.4239
1305033570.0110 1.4866 -0.4799 0.5989 -0.8686 0.2498 -0.0711 0.4219
1305033570.0454 1.4888 -0.4673 0.5991 -0.8691 0.2490 -0.0725 0.4211
1305033570.0815 1.4944 -0.4556 0.5999 -0.8698 0.2479 -0.0695 0.4209
1305033570.1098 1.5024 -0.4479 0.5977 -0.8698 0.2465 -0.0664 0.4222
1305033570.1459 1.5070 -0.4402 0.5963 -0.8700 0.2466 -0.0661 0.4219
1305033570.1814 1.5095 -0.4325 0.5940 -0.8707 0.2460 -0.0654 0.4208
1305033570.2108 1.5157 -0.4238 0.5942 -0.8725 0.2441 -0.0633 0.4184
1305033570.2445 1.5191 -0.4138 0.5934 -0.8737 0.2414 -0.0637 0.4176
1305033570.2819 1.5216 -0.4059 0.5919 -0.8743 0.2380 -0.0629 0.4184
1305033570.3126 1.5264 -0.3982 0.5904 -0.8744 0.2339 -0.0612 0.4207
1305033570.3445 1.5299 -0.3918 0.5865 -0.8737 0.2305 -0.0609 0.4242
1305033570.3810 1.5330 -0.3854 0.5843 -0.8738 0.2268 -0.0605 0.4259
1305033570.4134 1.5348 -0.3799 0.5793 -0.8735 0.2245 -0.0609 0.4277
1305033570.4445 1.5365 -0.3752 0.5762 -0.8736 0.2242 -0.0603 0.4277
1305033570.4813 1.5372 -0.3701 0.5731 -0.8733 0.2248 -0.0594 0.4281
1305033570.5133 1.5367 -0.3649 0.5699 -0.8733 0.2246 -0.0586 0.4284
1305033570.5451 1.5387 -0.3620 0.5675 -0.8736 0.2239 -0.0569 0.4283
1305033570.5801 1.5396 -0.3580 0.5660 -0.8739 0.2237 -0.0567 0.4279
1305033570.6153 1.5388 -0.3554 0.5647 -0.8742 0.2226 -0.0566 0.4278
1305033570.6449 1.5394 -0.3540 0.5633 -0.8747 0.2210 -0.0558 0.4277
1305033570.6786 1.5396 -0.3529 0.5626 -0.8752 0.2200 -0.0559 0.4273
1305033570.7128 1.5385 -0.3511 0.5617 -0.8755 0.2193 -0.0564 0.4270
1305033570.7445 1.5379 -0.3502 0.5611 -0.8754 0.2197 -0.0559 0.4268
1305033570.7779 1.5380 -0.3499 0.5605 -0.8753 0.2203 -0.0551 0.4269
1305033570.8128 1.5382 -0.3503 0.5610 -0.8753 0.2205 -0.0542 0.4269
1305033570.8449 1.5377 -0.3503 0.5609 -0.8754 0.2197 -0.0545 0.4271
1305033570.8812 1.5370 -0.3512 0.5605 -0.8751 0.2193 -0.0547 0.4279
1305033570.9129 1.5358 -0.3522 0.5597 -0.8747 0.2199 -0.0545 0.4284
1305033570.9491 1.5365 -0.3534 0.5604 -0.8748 0.2201 -0.0535 0.4282
1305033570.9806 1.5363 -0.3561 0.5601 -0.8743 0.2202 -0.0541 0.4291
1305033571.0128 1.5329 -0.3579 0.5612 -0.8742 0.2215 -0.0554 0.4285
1305033571.0465 1.5325 -0.3606 0.5622 -0.8742 0.2221 -0.0542 0.4283
1305033571.0778 1.5320 -0.3645 0.5623 -0.8740 0.2222 -0.0543 0.4287
1305033571.1128 1.5298 -0.3669 0.5611 -0.8738 0.2225 -0.0552 0.4288
1305033571.1477 1.5298 -0.3700 0.5612 -0.8740 0.2216 -0.0554 0.4288
1305033571.1779 1.5284 -0.3729 0.5622 -0.8742 0.2214 -0.0565 0.4284
1305033571.2128 1.5282 -0.3776 0.5622 -0.8743 0.2211 -0.0567 0.4284
1305033571.2469 1.5283 -0.3809 0.5630 -0.8744 0.2214 -0.0572 0.4279
1305033571.2778 1.5277 -0.3852 0.5638 -0.8741 0.2223 -0.0580 0.4280
1305033571.3128 1.5275 -0.3880 0.5640 -0.8739 0.2230 -0.0587 0.4279
1305033571.3458 1.5269 -0.3910 0.5651 -0.8739 0.2235 -0.0601 0.4274
1305033571.3779 1.5256 -0.3940 0.5653 -0.8735 0.2246 -0.0608 0.4277
1305033571.4128 1.5253 -0.3970 0.5664 -0.8733 0.2253 -0.0608 0.4276
1305033571.4462 1.5255 -0.4002 0.5662 -0.8729 0.2255 -0.0617 0.4283
1305033571.4797 1.5243 -0.4036 0.5681 -0.8726 0.2265 -0.0628 0.4281
1305033571.5135 1.5229 -0.4065 0.5686 -0.8722 0.2277 -0.0626 0.4283
1305033571.5469 1.5227 -0.4115 0.5675 -0.8716 0.2282 -0.0628 0.4292
1305033571.5779 1.5198 -0.4138 0.5677 -0.8713 0.2296 -0.0651 0.4287
1305033571.6129 1.5160 -0.4168 0.5687 -0.8710 0.2309 -0.0659 0.4287
1305033571.6461 1.5152 -0.4200 0.5691 -0.8708 0.2320 -0.0648 0.4286
1305033571.6786 1.5133 -0.4245 0.5688 -0.8701 0.2332 -0.0648 0.4293
1305033571.7129 1.5114 -0.4279 0.5690 -0.8700 0.2333 -0.0651 0.4294
1305033571.7477 1.5093 -0.4316 0.5694 -0.8697 0.2334 -0.0656 0.4298
1305033571.7809 1.5071 -0.4347 0.5698 -0.8690 0.2353 -0.0654 0.4303
1305033571.8129 1.5041 -0.4391 0.5702 -0.8686 0.2360 -0.0653 0.4308
1305033571.8487 1.5042 -0.4447 0.5696 -0.8684 0.2355 -0.0650 0.4315
1305033571.8789 1.5007 -0.4493 0.5679 -0.8680 0.2361 -0.0669 0.4316
1305033571.9142 1.4981 -0.4544 0.5685 -0.8681 0.2366 -0.0677 0.4311
1305033571.9475 1.4956 -0.4592 0.5686 -0.8679 0.2377 -0.0684 0.4308
1305033571.9790 1.4940 -0.4659 0.5700 -0.8676 0.2389 -0.0682 0.4307
1305033572.0130 1.4915 -0.4720 0.5707 -0.8673 0.2397 -0.0683 0.4308
1305033572.0503 1.4896 -0.4778 0.5703 -0.8671 0.2400 -0.0688 0.4311
1305033572.0781 1.4877 -0.4854 0.5687 -0.8669 0.2400 -0.0697 0.4312
1305033572.1128 1.4868 -0.4921 0.5689 -0.8672 0.2403 -0.0707 0.4303
1305033572.1481 1.4836 -0.4958 0.5704 -0.8673 0.2418 -0.0726 0.4290
1305033572.1822 1.4812 -0.5006 0.5712 -0.8667 0.2435 -0.0733 0.4291
1305033572.2172 1.4800 -0.5058 0.5738 -0.8662 0.2458 -0.0729 0.4289
1305033572.2501 1.4777 -0.5115 0.5753 -0.8657 0.2467 -0.0740 0.4293
1305033572.2781 1.4741 -0.5166 0.5759 -0.8652 0.2471 -0.0754 0.4298
1305033572.3180 1.4705 -0.5222 0.5763 -0.8651 0.2467 -0.0768 0.4299
1305033572.3502 1.4677 -0.5288 0.5803 -0.8657 0.2454 -0.0778 0.4292
1305033572.3785 1.4645 -0.5347 0.5843 -0.8663 0.2433 -0.0788 0.4291
1305033572.4182 1.4582 -0.5423 0.5895 -0.8665 0.2418 -0.0801 0.4294
1305033572.4503 1.4504 -0.5495 0.5939 -0.8671 0.2405 -0.0791 0.4290
1305033572.4821 1.4458 -0.5573 0.5999 -0.8685 0.2390 -0.0764 0.4275
1305033572.5178 1.4406 -0.5678 0.6069 -0.8702 0.2374 -0.0737 0.4254
1305033572.5505 1.4379 -0.5753 0.6137 -0.8730 0.2326 -0.0729 0.4225
1305033572.5822 1.4331 -0.5850 0.6211 -0.8754 0.2287 -0.0736 0.4194
1305033572.6167 1.4258 -0.5929 0.6314 -0.8779 0.2272 -0.0730 0.4151
1305033572.6502 1.4207 -0.6007 0.6398 -0.8804 0.2259 -0.0696 0.4110
1305033572.6803 1.4142 -0.6074 0.6498 -0.8830 0.2264 -0.0670 0.4057
1305033572.7183 1.4038 -0.6080 0.6652 -0.8869 0.2252 -0.0641 0.3982
1305033572.7502 1.4020 -0.6110 0.6795 -0.8904 0.2191 -0.0584 0.3948
1305033572.7810 1.3952 -0.6166 0.6904 -0.8925 0.2143 -0.0560 0.3929
1305033572.8166 1.3826 -0.6165 0.7010 -0.8947 0.2117 -0.0536 0.3897
1305033572.8476 1.3703 -0.6182 0.7180 -0.8989 0.2046 -0.0467 0.3847
1305033572.8793 1.3612 -0.6213 0.7336 -0.9026 0.1955 -0.0372 0.3816
1305033572.9153 1.3537 -0.6232 0.7494 -0.9073 0.1842 -0.0281 0.3769
1305033572.9519 1.3448 -0.6227 0.7613 -0.9115 0.1708 -0.0205 0.3735
1305033572.9782 1.3301 -0.6197 0.7674 -0.9151 0.1554 -0.0150 0.3717
1305033573.0154 1.3189 -0.6151 0.7777 -0.9187 0.1394 -0.0085 0.3694
1305033573.0471 1.3101 -0.6151 0.7962 -0.9226 0.1229 -0.0004 0.3656
1305033573.0801 1.3014 -0.6043 0.8075 -0.9259 0.1057 0.0096 0.3627
1305033573.1153 1.2870 -0.5970 0.8267 -0.9273 0.0882 0.0177 0.3633
1305033573.1462 1.2720 -0.5915 0.8313 -0.9266 0.0708 0.0270 0.3684
1305033573.1776 1.2654 -0.5859 0.8344 -0.9245 0.0500 0.0396 0.3759
1305033573.2157 1.2439 -0.5744 0.8423 -0.9235 0.0319 0.0450 0.3796
1305033573.2457 1.2234 -0.5582 0.8499 -0.9227 0.0116 0.0490 0.3822
1305033573.2777 1.2047 -0.5463 0.8646 -0.9211 -0.0075 0.0536 0.3856
1305033573.3143 1.1742 -0.5245 0.8816 -0.9202 -0.0272 0.0563 0.3863
1305033573.3467 1.1574 -0.5095 0.8893 -0.9146 -0.0505 0.0669 0.3955
1305033573.3794 1.1517 -0.4981 0.8941 -0.9054 -0.0750 0.0829 0.4096
1305033573.4135 1.1318 -0.4767 0.9083 -0.8975 -0.0955 0.0925 0.4206
1305033573.4456 1.0991 -0.4528 0.9268 -0.8908 -0.1095 0.0970 0.4302
1305033573.4768 1.0615 -0.4471 0.9514 -0.8837 -0.1132 0.0960 0.4439
1305033573.5155 1.0858 -0.4508 0.9454 -0.8644 -0.1243 0.1175 0.4729
1305033573.5469 1.0569 -0.4313 0.9679 -0.8555 -0.1323 0.1145 0.4873
1305033573.5769 1.0578 -0.4243 0.9629 -0.8380 -0.1392 0.1241 0.5128
1305033573.6127 1.0506 -0.3954 0.9563 -0.8164 -0.1530 0.1339 0.5406
1305033573.6449 1.0488 -0.3816 0.9597 -0.8040 -0.1555 0.1396 0.5567
1305033573.6769 1.0392 -0.3711 0.9636 -0.7947 -0.1443 0.1421 0.5723
1305033573.7128 1.0271 -0.3631 0.9777 -0.7917 -0.1255 0.1449 0.5800
1305033573.7466 1.0107 -0.3580 0.9893 -0.7898 -0.1095 0.1400 0.5871
1305033573.7770 0.9969 -0.3548 1.0057 -0.7881 -0.0984 0.1370 0.5920
1305033573.8129 0.9823 -0.3522 1.0190 -0.7843 -0.0891 0.1320 0.5996
1305033573.8476 0.9670 -0.3494 1.0265 -0.7797 -0.0815 0.1238 0.6083
1305033573.8769 0.9517 -0.3449 1.0359 -0.7776 -0.0723 0.1164 0.6136
1305033573.9156 0.9380 -0.3413 1.0478 -0.7764 -0.0593 0.1136 0.6171
1305033573.9457 0.9210 -0.3385 1.0561 -0.7748 -0.0419 0.1130 0.6206
1305033573.9771 0.9017 -0.3334 1.0647 -0.7753 -0.0249 0.1134 0.6209
1305033574.0139 0.8836 -0.3273 1.0735 -0.7763 -0.0108 0.1160 0.6195
