x y z roll pitch yaw
1.490600 -1.168100 0.661000 -5.080960 -8.314569 -128.458411
1.489846 -1.177169 0.659398 -4.898360 -7.875475 -128.776155
1.488391 -1.187030 0.656890 -4.886501 -7.537199 -129.200251
1.489423 -1.193459 0.656130 -5.024092 -7.372519 -129.794614
1.490598 -1.199824 0.655939 -5.183368 -7.113729 -130.244519
1.490459 -1.205163 0.656309 -5.157843 -6.800506 -130.699193
1.491674 -1.209816 0.656524 -4.829381 -6.572272 -131.038051
1.493459 -1.212704 0.657284 -4.298336 -6.295769 -131.350597
1.493609 -1.216779 0.656858 -3.749950 -5.958225 -131.474381
1.493737 -1.219780 0.657122 -3.307988 -5.693103 -131.683070
1.493793 -1.222950 0.656620 -3.005999 -5.477267 -131.774700
1.492850 -1.225171 0.656658 -2.815419 -5.288678 -131.986347
1.492336 -1.225738 0.656888 -2.693569 -5.198269 -132.125161
1.492415 -1.224908 0.657097 -2.588668 -5.169195 -132.266092
1.492089 -1.221529 0.659399 -2.533498 -5.083416 -132.408072
1.491221 -1.218479 0.660690 -2.412984 -4.986329 -132.289085
1.489893 -1.214768 0.661025 -2.179543 -4.964531 -132.119548
1.488939 -1.210229 0.660884 -1.999238 -5.090182 -131.982715
1.492964 -1.205211 0.659357 -2.048782 -5.383457 -131.876603
1.495663 -1.198225 0.659014 -2.338724 -5.319383 -131.826723
1.495428 -1.192646 0.657582 -2.559541 -5.105762 -131.729146
1.495450 -1.184391 0.658966 -2.653800 -5.073283 -131.850024
1.497829 -1.175643 0.659354 -2.716851 -5.170459 -131.754865
1.498848 -1.166655 0.659234 -2.784890 -5.140532 -131.617971
1.498624 -1.157959 0.659077 -2.846507 -5.096517 -131.488342
1.498833 -1.149528 0.658083 -2.836529 -5.217736 -131.399329
1.499900 -1.139039 0.658491 -2.894686 -5.452814 -131.422271
1.500945 -1.127473 0.659247 -3.088837 -5.705498 -131.337231
1.502327 -1.115180 0.659573 -3.417179 -5.994658 -131.154660
1.504056 -1.104524 0.658065 -3.646636 -6.340239 -130.907841
1.509611 -1.093233 0.654939 -3.488789 -6.809041 -130.824942
1.514357 -1.077718 0.657464 -3.253140 -6.996155 -130.979604
1.517061 -1.066269 0.656523 -3.069716 -7.056565 -130.828219
1.521837 -1.052177 0.657404 -3.010991 -7.223575 -130.925575
1.526610 -1.038588 0.657705 -2.830870 -7.229527 -130.894773
1.529169 -1.026236 0.657861 -2.516244 -7.144888 -130.912549
1.532438 -1.012857 0.658114 -2.222976 -7.177491 -130.986399
1.535256 -0.996883 0.660190 -2.044409 -7.206655 -131.104165
1.539957 -0.984721 0.658404 -1.985006 -7.333729 -130.895616
1.546165 -0.969597 0.658934 -2.016515 -7.321137 -130.931364
1.548323 -0.957791 0.657136 -2.031104 -7.007986 -130.731611
1.548705 -0.944080 0.657517 -2.099453 -6.822883 -130.783981
1.550825 -0.929429 0.659953 -2.329904 -6.845926 -130.757505
1.552295 -0.915355 0.660949 -2.558077 -6.912991 -130.505488
1.554115 -0.901075 0.662476 -2.664961 -7.024564 -130.251329
1.556536 -0.887190 0.662202 -2.569228 -7.142979 -129.923892
1.560269 -0.871714 0.662967 -2.450505 -7.157341 -129.752106
1.561412 -0.856533 0.666399 -2.486949 -6.939477 -129.557129
1.560971 -0.842413 0.666905 -2.414044 -6.749222 -129.168848
1.561348 -0.826421 0.669087 -2.304456 -6.711926 -128.995484
1.564198 -0.810033 0.671445 -2.343000 -6.679213 -128.673713
1.563485 -0.795695 0.671995 -2.372225 -6.431768 -128.280093
1.563899 -0.781485 0.673130 -2.366248 -6.344150 -128.018637
1.563424 -0.766941 0.674616 -2.342231 -6.237096 -127.845232
1.562687 -0.750742 0.677621 -2.410583 -6.187766 -127.708255
1.563340 -0.736288 0.679012 -2.492462 -6.186854 -127.376388
1.563349 -0.721514 0.679407 -2.437340 -6.091567 -127.133441
1.561878 -0.706836 0.679918 -2.237310 -5.900187 -126.936785
1.559339 -0.691689 0.680037 -2.054482 -5.784588 -126.910241
1.561980 -0.674291 0.680419 -2.102298 -5.848722 -126.928882
1.562949 -0.659369 0.678566 -2.205999 -5.479685 -126.835249
1.559222 -0.641749 0.680545 -2.203576 -4.955551 -127.047802
1.556958 -0.624687 0.681770 -2.063763 -4.617238 -127.019615
1.553251 -0.606389 0.683879 -1.591215 -4.295354 -126.910097
1.550048 -0.590513 0.683390 -0.823675 -4.171667 -126.613035
1.549510 -0.573946 0.683855 -0.083056 -4.142723 -126.528429
1.549324 -0.559280 0.682090 0.381796 -3.981877 -126.397000
1.546100 -0.542378 0.684212 0.454834 -3.718021 -126.524340
1.542726 -0.528724 0.682823 0.296575 -3.656428 -126.441710
1.541824 -0.510628 0.684751 0.094910 -3.759092 -126.619160
1.540932 -0.494117 0.685877 -0.120527 -3.816983 -126.463816
1.539140 -0.478345 0.685093 -0.099309 -3.813942 -126.353369
1.539058 -0.460805 0.685780 0.001624 -3.922336 -126.347561
1.540530 -0.443124 0.686965 -0.087459 -4.032027 -126.299636
1.540987 -0.426713 0.685751 -0.224288 -4.043489 -126.171914
1.539734 -0.408436 0.685636 -0.313707 -4.042112 -126.145543
1.541160 -0.391412 0.682896 -0.355234 -4.253935 -126.068622
1.543829 -0.371913 0.681360 -0.440737 -4.402068 -126.148470
1.544262 -0.352767 0.680413 -0.564595 -4.438254 -126.177955
1.545363 -0.333247 0.679202 -0.590813 -4.577237 -126.131663
1.546836 -0.314044 0.676881 -0.544206 -4.805706 -126.063990
1.552143 -0.295941 0.673303 -0.625103 -5.124464 -126.012515
1.557290 -0.277852 0.670653 -0.840062 -5.121342 -126.115192
1.558375 -0.258684 0.669929 -0.904889 -4.888088 -126.334805
1.559771 -0.240147 0.668693 -0.841435 -4.911228 -126.499346
1.564278 -0.221464 0.667319 -0.796138 -5.067222 -126.667475
1.567620 -0.203567 0.665356 -0.829396 -5.053655 -126.813643
1.569885 -0.185087 0.664477 -1.084532 -5.013193 -126.985872
1.572540 -0.167495 0.663085 -1.485652 -5.006740 -127.114731
1.574061 -0.150659 0.662672 -1.861891 -4.907107 -127.238569
1.574081 -0.132899 0.664020 -2.152708 -4.856928 -127.328738
1.575604 -0.118074 0.662866 -2.215655 -4.922825 -127.248210
1.576499 -0.100534 0.665203 -2.180048 -4.921896 -127.340853
1.576918 -0.084132 0.666055 -2.113263 -4.915756 -127.229345
1.577423 -0.068104 0.667898 -2.103793 -4.930687 -127.032324
1.577526 -0.052635 0.670301 -2.099116 -4.940095 -126.775140
1.577282 -0.037921 0.672359 -2.167859 -4.995721 -126.313941
1.578788 -0.025545 0.672777 -2.176959 -5.045875 -125.786753
1.578721 -0.013033 0.673806 -2.056066 -4.922706 -125.381616
1.577680 -0.001296 0.674296 -1.865800 -4.784673 -124.999332
1.576838 0.008538 0.674871 -1.759704 -4.745439 -124.685174
1.575891 0.017383 0.674813 -1.805236 -4.768792 -124.397155
1.574791 0.023225 0.674049 -1.835671 -4.826610 -124.150284
1.574814 0.028361 0.673977 -1.820072 -4.929121 -124.106458
1.572464 0.033318 0.675531 -1.862695 -4.864032 -124.083924
1.569538 0.034242 0.674409 -1.867288 -4.921697 -123.847064
1.569654 0.033454 0.672518 -1.754637 -5.126864 -123.796074
1.569391 0.033779 0.671564 -1.524130 -5.080274 -123.940331
1.567296 0.032463 0.669841 -1.294729 -4.962035 -124.053389
1.566923 0.029884 0.668469 -1.202069 -4.965491 -124.209479
1.566164 0.025935 0.666512 -1.066081 -4.814281 -124.376852
1.565324 0.021316 0.664424 -0.774466 -4.577924 -124.666384
1.564626 0.017729 0.663862 -0.542657 -4.365877 -125.005705
1.565801 0.012350 0.662964 -0.397406 -4.123823 -125.231854
1.564443 0.006540 0.662493 -0.202319 -3.642384 -125.442558
1.563710 -0.000603 0.661810 0.057310 -3.297923 -125.642402
1.565029 -0.007096 0.661980 0.205427 -2.968549 -125.858770
1.565125 -0.016153 0.661002 0.335935 -2.446649 -125.906418
1.564905 -0.024477 0.662006 0.529722 -1.879377 -126.135117
1.565571 -0.035491 0.662170 0.733741 -1.326481 -126.263491
1.566885 -0.043900 0.664424 0.944648 -0.620341 -126.507661
1.564352 -0.055210 0.666552 1.445682 0.360138 -126.540616
1.560516 -0.066982 0.668064 2.378243 1.237772 -126.592924
1.559437 -0.077626 0.670387 3.389158 1.887908 -126.672469
1.558407 -0.089604 0.671893 4.159098 2.635451 -126.566818
1.553280 -0.102951 0.672617 4.762435 3.561653 -126.486341
1.548026 -0.114844 0.673868 5.275252 4.196868 -126.553855
1.546225 -0.127806 0.674300 5.534196 4.572643 -126.593352
1.543972 -0.138880 0.674467 5.789020 5.246110 -126.685261
1.539063 -0.149231 0.675927 6.176709 6.006795 -126.687650
1.535055 -0.162535 0.674212 6.727469 6.625626 -126.479149
1.532617 -0.176829 0.672570 7.495534 7.235528 -126.539896
1.529810 -0.190741 0.671008 8.254284 7.918469 -126.791077
1.525597 -0.202438 0.671530 8.923064 8.624105 -127.223736
1.521906 -0.215058 0.671758 9.251139 9.163220 -127.578871
1.517523 -0.227111 0.673383 9.521006 9.759492 -127.906160
1.511889 -0.239628 0.674305 9.914454 10.240612 -128.161724
1.510634 -0.252847 0.674470 10.279659 10.462532 -128.382409
1.509276 -0.264183 0.676096 10.683502 10.873628 -128.724089
1.504631 -0.276150 0.677383 11.013249 11.327680 -128.947317
1.504040 -0.287119 0.679259 11.219447 11.470599 -129.163221
1.502622 -0.298387 0.680821 11.295109 11.701248 -129.243418
1.501866 -0.309905 0.681549 11.365081 11.842445 -129.298634
1.503676 -0.319586 0.683207 11.333899 11.977552 -129.338471
1.504559 -0.331147 0.684126 11.202612 12.299394 -129.200113
1.503243 -0.342162 0.685624 11.235889 12.714426 -129.132115
1.503307 -0.354318 0.686262 11.258365 12.990799 -128.935577
1.502208 -0.368494 0.685287 11.312605 13.324181 -128.751355
1.502211 -0.382556 0.685515 11.384439 13.532613 -128.757868
1.501453 -0.396435 0.685113 11.320822 13.794113 -128.801192
1.500202 -0.408380 0.687233 11.173399 14.033087 -128.898681
1.499113 -0.422143 0.687927 10.947944 14.188099 -128.763663
1.498911 -0.437052 0.687720 10.816332 14.359079 -128.591549
1.499621 -0.453003 0.686651 10.796387 14.562002 -128.513588
1.501304 -0.468235 0.685206 10.896773 14.897376 -128.589383
1.503418 -0.483126 0.685489 11.289292 15.435025 -128.845049
1.501824 -0.497969 0.687192 12.034677 16.151207 -129.184816
1.502631 -0.512503 0.686624 12.863726 16.679442 -129.490719
1.503528 -0.527301 0.686188 13.556632 17.355907 -129.902048
1.505154 -0.542373 0.686152 14.171722 18.099694 -130.455736
1.504835 -0.554749 0.685081 14.846445 19.017812 -131.106229
1.505169 -0.565421 0.684220 15.803885 19.954439 -131.861669
1.506716 -0.575915 0.684739 16.995865 20.873110 -132.643448
1.507120 -0.582802 0.686119 18.293880 21.913695 -133.359944
1.506686 -0.590294 0.686941 19.594685 22.971718 -133.843586
1.508687 -0.599476 0.687298 20.847186 23.998825 -134.236056
1.509899 -0.607885 0.686698 22.241718 25.264053 -134.725673
1.507053 -0.615313 0.687273 23.876602 26.738097 -135.426695
1.506871 -0.619592 0.688592 25.700738 28.048238 -136.273240
1.504452 -0.623860 0.688729 27.424640 29.518714 -136.915530
1.502410 -0.631290 0.689745 29.136084 30.997610 -137.646037
1.500833 -0.634221 0.692639 31.107084 32.597877 -138.709209
1.491496 -0.633173 0.693256 33.369275 34.387837 -139.565948
1.485320 -0.637417 0.693349 35.830538 35.617335 -140.250015
1.482354 -0.642890 0.693982 38.153782 36.635106 -141.031968
1.476261 -0.646536 0.692787 39.786387 37.943520 -141.706025
1.469208 -0.652505 0.693242 40.941224 39.177678 -142.356191
1.461817 -0.658452 0.690530 42.052072 40.347049 -143.012854
1.454274 -0.663880 0.689742 43.477167 41.282931 -143.971554
1.448927 -0.670250 0.689235 44.882905 42.022946 -144.927223
1.444032 -0.677984 0.688296 46.064946 42.795451 -145.806174
1.435719 -0.682758 0.686517 47.434086 43.663666 -146.946838
1.432327 -0.690168 0.687289 48.765552 44.096065 -148.023525
1.428537 -0.697533 0.687706 49.976721 44.742025 -149.042826
1.422178 -0.702777 0.688385 51.069766 45.501521 -149.930099
1.416117 -0.708717 0.688309 52.234138 46.194538 -150.657290
1.408800 -0.714205 0.687633 53.736595 46.942212 -151.735789
1.399813 -0.719946 0.687050 55.364343 47.695021 -152.934264
1.392571 -0.726037 0.686970 56.915498 48.262990 -154.060889
1.385884 -0.730569 0.687765 58.254931 48.844895 -155.085366
1.375765 -0.734795 0.688058 59.534086 49.556774 -156.119688
1.369733 -0.741783 0.688532 60.767413 50.138653 -156.964411
1.358626 -0.745643 0.691479 62.320461 50.920776 -158.127215
1.347002 -0.749633 0.692585 63.833478 51.620522 -159.224498
1.335227 -0.755662 0.693560 65.547125 52.190096 -160.546263
1.322472 -0.761195 0.694619 67.351899 52.664749 -162.021066
1.308023 -0.765181 0.696808 69.258374 53.014174 -163.703741
1.295228 -0.769416 0.699337 71.250563 53.039835 -165.315415
1.283245 -0.774894 0.700499 72.860085 53.064816 -166.566607
1.271234 -0.779806 0.702064 74.238758 53.142888 -167.780604
1.258202 -0.784637 0.704784 75.183286 53.193914 -168.598467
1.243657 -0.788596 0.706059 75.939910 53.322531 -169.317609
1.228689 -0.790093 0.707266 77.165490 53.383213 -170.605806
1.213754 -0.791740 0.708410 78.782708 53.317453 -172.083380
1.198736 -0.795570 0.708326 80.343981 53.195184 -173.389425
1.188029 -0.799080 0.709655 82.126669 52.844205 -174.846670
1.176003 -0.802005 0.711071 83.802496 52.651346 -176.130569
1.163062 -0.803447 0.710281 85.341062 52.648486 -177.499822
1.151512 -0.804116 0.710903 87.220897 52.533585 -179.189055
1.140139 -0.804070 0.713115 89.183383 52.465961 179.214759
1.127747 -0.803985 0.713325 91.098810 52.545959 177.896449
1.113031 -0.805325 0.713573 92.832020 52.625258 176.694040
1.101872 -0.804964 0.715725 94.686876 52.475250 175.251049
1.087056 -0.801082 0.717987 96.759741 52.495896 173.535804
1.072280 -0.798506 0.718920 98.686824 52.497996 172.081892
1.057107 -0.795291 0.719238 100.634937 52.485769 170.606506
1.043010 -0.793070 0.717887 102.332563 52.466546 169.450184
1.027378 -0.790323 0.716243 103.876717 52.455273 168.220251
1.012271 -0.785825 0.713771 105.457543 52.359663 166.758836
0.997226 -0.779542 0.714890 107.127243 51.961482 165.290505
0.981036 -0.774050 0.711591 108.883927 51.680314 164.085479
0.964852 -0.769587 0.709793 110.293533 51.163729 163.361374
0.948226 -0.767350 0.708834 111.393999 50.510265 162.659392
0.933665 -0.761958 0.707751 112.503263 49.798557 161.752343
0.917881 -0.753459 0.706018 113.542579 49.157375 161.046649
0.904353 -0.748507 0.707381 114.081105 48.484729 160.962042
0.891043 -0.743412 0.709058 114.535725 48.034147 160.725982
0.877846 -0.737139 0.709555 114.884609 47.760883 160.584348
0.864475 -0.734076 0.708929 114.988658 47.624250 160.702503
0.850553 -0.731295 0.707278 115.191897 47.426840 160.663443
0.838623 -0.729524 0.707722 115.238310 47.033633 160.619344
0.828141 -0.727039 0.708040 115.518445 46.652394 160.330085
0.818818 -0.722900 0.709774 115.947186 46.263355 160.111012
0.810364 -0.722058 0.711262 116.204198 46.042650 160.153589
0.801625 -0.721611 0.711785 116.419108 45.935616 160.090893
0.794388 -0.722104 0.713276 116.528590 45.795600 159.974921
0.787303 -0.721647 0.714067 116.712554 45.744379 159.685220
0.779637 -0.719029 0.713420 117.051421 45.674713 159.323864
0.773552 -0.718920 0.714688 117.298986 45.496292 159.271551
0.767083 -0.718284 0.714986 117.523890 45.438596 159.194936
0.760449 -0.718280 0.714724 117.692588 45.420079 159.140513
0.755442 -0.716849 0.715765 117.842290 45.247355 159.119921
0.749666 -0.715919 0.715432 117.938410 45.289222 159.114579
0.744078 -0.716367 0.715152 117.859735 45.298796 159.264574
0.737382 -0.717130 0.713710 117.891826 45.306502 159.256684
0.732268 -0.718095 0.714047 117.949029 45.086817 159.237462
0.727728 -0.716988 0.715996 118.186813 44.932427 159.034207
0.721476 -0.715780 0.715691 118.471345 44.927109 158.998136
0.716572 -0.715617 0.716464 118.635822 44.848716 159.078961
0.711074 -0.713915 0.716766 118.697914 44.863800 159.088464
0.703575 -0.713934 0.714864 118.511829 44.929925 159.227614
0.697114 -0.714383 0.713923 118.330639 44.756806 159.284910
0.693717 -0.713718 0.715305 118.352443 44.421586 159.223539
0.689197 -0.712336 0.715724 118.551087 44.296877 159.132538
0.684376 -0.712796 0.715514 118.676133 44.190584 159.215342
0.680428 -0.715657 0.715882 118.748630 44.048529 159.257135
0.677076 -0.714423 0.716155 118.985936 43.847566 159.023562
0.674699 -0.715240 0.716382 119.036724 43.659350 158.993496
0.672660 -0.716211 0.716448 119.133868 43.484830 158.872410
0.671499 -0.716545 0.716839 119.336038 43.314023 158.731240
0.671318 -0.717620 0.717751 119.551276 43.155168 158.616811
0.670486 -0.718684 0.717718 119.863413 43.055490 158.407404
0.671590 -0.719159 0.718882 120.249153 42.822669 158.169885
0.674060 -0.720213 0.719855 120.513276 42.646380 157.978017
0.676786 -0.721472 0.720675 120.717823 42.530712 157.797148
0.680661 -0.722032 0.721204 121.019054 42.432988 157.501257
0.684681 -0.722128 0.722161 121.366590 42.409338 157.231008
0.689109 -0.724337 0.723092 121.627478 42.439004 157.075089
0.693685 -0.726956 0.723271 121.907640 42.485298 156.802617
0.699209 -0.727597 0.723369 122.332730 42.495622 156.366459
0.704404 -0.729703 0.723566 122.683662 42.541828 156.085908
0.710035 -0.732856 0.723491 123.074077 42.557506 155.781493
0.715718 -0.735018 0.723512 123.578451 42.570184 155.379361
0.721918 -0.738871 0.724400 124.057995 42.539418 155.079016
0.727896 -0.740667 0.725176 124.656598 42.526174 154.541584
0.733394 -0.742867 0.725799 125.240089 42.537908 154.017932
0.739506 -0.746590 0.727603 125.763983 42.510585 153.589208
0.745481 -0.746781 0.728690 126.510004 42.468305 152.887009
0.751532 -0.748895 0.729611 127.216031 42.443850 152.439119
0.756082 -0.752099 0.729952 127.808726 42.462938 152.025448
0.761635 -0.754456 0.730721 128.311500 42.330395 151.565377
0.767986 -0.757219 0.732516 128.716758 42.164395 151.225564
0.774280 -0.758918 0.734616 129.208570 42.054444 150.841997
0.779716 -0.761119 0.736292 129.714517 42.005381 150.535603
0.785555 -0.764919 0.737527 130.103938 42.035621 150.236093
0.790521 -0.767504 0.736829 130.514545 42.101474 149.785615
0.796303 -0.769681 0.737293 130.859870 42.095240 149.448162
0.801497 -0.772331 0.734800 131.309712 42.137394 149.060944
0.808095 -0.774415 0.734260 131.927048 41.892730 148.721354
0.814617 -0.776353 0.732721 132.579736 41.721031 148.351828
0.821521 -0.779537 0.729985 133.201980 41.586589 148.024147
0.828809 -0.781727 0.728769 133.774337 41.433598 147.683208
0.836247 -0.782993 0.727422 134.370787 41.255420 147.414285
0.844812 -0.786753 0.726625 134.870968 41.121337 147.274501
0.852329 -0.789756 0.725581 135.383898 41.070289 147.007299
0.861606 -0.793943 0.724447 135.842905 41.019221 146.826847
0.869334 -0.797267 0.722579 136.403452 41.055427 146.453708
0.877293 -0.802085 0.721527 136.941568 40.953994 146.191248
0.886786 -0.804722 0.721060 137.650891 40.796202 145.877838
0.894952 -0.807204 0.723480 138.265574 40.727953 145.733434
0.902840 -0.814910 0.722776 138.764594 40.743368 145.550530
0.909295 -0.816743 0.727185 139.265500 40.528558 145.216438
0.917383 -0.823694 0.725477 139.808355 40.353897 144.739996
0.924845 -0.828106 0.723419 140.560607 40.052773 144.153860
0.932609 -0.833542 0.720353 141.503498 39.638717 143.675326
0.939623 -0.840110 0.717785 142.462318 39.224153 143.277926
0.944804 -0.847823 0.719279 143.088374 38.765129 143.153886
0.951052 -0.854153 0.718805 143.706749 38.178930 142.841902
0.956253 -0.861420 0.718650 144.318138 37.584898 142.483540
0.962228 -0.867415 0.718332 144.998286 36.842971 142.195209
0.969442 -0.875456 0.717179 145.674423 36.154675 141.875245
0.975217 -0.884502 0.717545 146.224455 35.483594 141.587109
0.984227 -0.891536 0.719897 146.776638 34.745765 141.233528
0.989075 -0.898942 0.727513 147.065745 34.265469 141.021717
0.995263 -0.902790 0.731983 147.526087 33.813364 140.511454
1.000645 -0.910749 0.733445 148.151655 33.488040 139.920807
1.008898 -0.917875 0.733188 149.045044 33.024459 139.161005
1.016289 -0.925683 0.732659 150.013568 32.594538 138.367684
1.020922 -0.933253 0.736219 150.839368 32.136283 137.752630
1.026859 -0.938478 0.737218 151.664792 31.604147 136.983740
1.032732 -0.945628 0.738555 152.368418 31.039989 136.336261
1.038465 -0.952682 0.739004 153.042422 30.463037 135.694321
1.044624 -0.959280 0.739442 153.646962 29.852444 135.054322
1.049828 -0.964820 0.741365 154.207357 29.344935 134.495249
1.056035 -0.970747 0.741503 154.824818 28.890010 133.903155
1.062802 -0.975939 0.742681 155.612636 28.298120 133.238866
1.069842 -0.979680 0.741656 156.609535 27.719888 132.484673
1.075830 -0.986310 0.742311 157.518888 27.197383 131.970971
1.080770 -0.988842 0.744097 158.337676 26.542702 131.325720
1.087340 -0.993597 0.747615 159.154530 25.799759 130.776384
1.093487 -0.996897 0.751143 160.036633 25.117714 130.233505
1.096634 -1.002951 0.751723 160.950866 24.550894 129.709471
1.103583 -1.005997 0.753840 161.971536 23.684045 129.105565
1.108697 -1.011260 0.759464 162.884545 22.999454 128.695107
1.113122 -1.014638 0.757620 164.106050 22.377738 127.885496
1.119001 -1.020306 0.760174 165.225541 21.604346 127.457887
1.123228 -1.025781 0.761774 166.147011 20.956063 126.861927
1.127210 -1.032269 0.756207 167.011386 20.319076 125.969226
1.132302 -1.036309 0.758433 167.774546 19.419844 125.406420
1.137753 -1.039888 0.759145 168.831648 18.586371 124.928663
1.141161 -1.045041 0.760381 169.852715 17.953293 124.576585
1.143088 -1.050750 0.760693 170.720408 17.363363 124.246552
1.145246 -1.056772 0.760856 171.384925 16.722039 123.945395
1.149836 -1.061170 0.760898 171.919054 15.985762 123.593955
1.152714 -1.066760 0.761167 172.406209 15.396934 123.366374
1.156926 -1.072845 0.760918 172.908312 14.792915 123.130653
1.159512 -1.078041 0.758705 173.426802 14.335706 122.828453
1.161398 -1.084338 0.756989 173.864590 13.914396 122.639526
1.165645 -1.088910 0.754037 174.152258 13.362174 122.402841
1.165397 -1.095673 0.751999 174.269035 12.949141 122.285489
1.166481 -1.101338 0.750344 174.390033 12.337956 122.166752
1.167996 -1.106861 0.749930 174.754306 11.767333 122.165247
1.167473 -1.112130 0.745796 175.221509 11.385059 122.094122
1.166532 -1.119112 0.743897 175.542328 10.905673 122.214909
1.167606 -1.125260 0.741946 175.739007 10.321401 122.325164
1.166368 -1.132935 0.740770 175.813303 9.946941 122.405052
1.163902 -1.138957 0.738920 175.802494 9.565326 122.429977
1.162990 -1.145682 0.739547 175.952822 9.022938 122.718792
1.162460 -1.151661 0.739012 176.189848 8.551021 122.850482
1.160510 -1.156622 0.735363 176.307119 8.177610 122.933778
1.160328 -1.162550 0.733606 176.322121 7.630118 123.155181
1.160290 -1.169447 0.735094 176.269393 7.152973 123.421780
1.158776 -1.175682 0.735368 176.267694 6.941093 123.583963
1.154744 -1.181846 0.733969 176.177963 6.849313 123.591542
1.152051 -1.186461 0.733547 176.077332 6.519248 123.594013
1.150269 -1.191078 0.732216 176.174315 6.108551 123.614138
1.148405 -1.196047 0.732658 176.393670 5.711947 123.670309
1.146797 -1.199798 0.731805 176.736504 5.312972 123.614480
1.143984 -1.203769 0.731803 176.953373 5.051468 123.634915
1.141414 -1.208375 0.733119 177.139488 4.703091 123.607860
1.139675 -1.209367 0.731600 177.510592 4.350899 123.475458
1.137375 -1.211161 0.731008 177.861437 4.124123 123.507408
1.135377 -1.211424 0.730470 178.147262 3.852283 123.468470
1.134566 -1.210762 0.729131 178.372467 3.594782 123.439701
1.132224 -1.209440 0.727447 178.547869 3.418408 123.403944
1.131292 -1.206062 0.724642 178.845326 3.081507 123.388269
1.129790 -1.204795 0.725897 179.239603 2.768366 123.593795
1.127002 -1.201644 0.724520 179.635347 2.511569 123.600721
1.125554 -1.198361 0.724261 179.920889 2.201041 123.681976
1.123666 -1.194545 0.723464 -179.894336 1.954260 123.670962
1.121919 -1.190159 0.723119 -179.725122 1.727891 123.715741
1.120024 -1.185561 0.722223 -179.574340 1.496237 123.739385
1.119358 -1.180945 0.722734 -179.414420 1.224191 123.802024
1.118181 -1.174199 0.721238 -179.295277 1.052243 123.761070
1.115389 -1.169536 0.721500 -179.203658 0.871206 123.859203
1.114831 -1.163528 0.720465 -178.945482 0.572836 123.811203
1.112974 -1.158473 0.720580 -178.789082 0.415353 123.771178
1.111091 -1.151499 0.719070 -178.772171 0.251341 123.676212
1.109988 -1.144784 0.716070 -178.778534 0.037242 123.626933
1.108193 -1.138270 0.712600 -178.744408 -0.121540 123.680839
1.104719 -1.132012 0.709574 -178.713580 -0.314909 123.848560
1.103944 -1.126585 0.707935 -178.606908 -0.741388 124.084500
1.104000 -1.121867 0.706013 -178.425499 -1.057082 124.324213
1.102254 -1.118056 0.706073 -178.338015 -1.221822 124.589044
1.101905 -1.113364 0.704767 -178.194833 -1.467398 124.655044
1.100859 -1.109713 0.703958 -177.985421 -1.608426 124.778358
1.098497 -1.106692 0.704368 -177.869286 -1.704751 124.892749
1.098025 -1.103586 0.705443 -177.781927 -1.922763 124.912742
1.097099 -1.100217 0.707058 -177.659042 -2.020541 124.900871
1.094201 -1.097525 0.708746 -177.470299 -2.088311 124.802949
1.092916 -1.093089 0.709589 -177.214489 -2.279590 124.612385
1.090405 -1.088824 0.709936 -176.975734 -2.428159 124.463165
1.087305 -1.084825 0.710746 -176.778566 -2.618065 124.364879
1.085796 -1.081304 0.712422 -176.602713 -2.919557 124.320893
1.086267 -1.076523 0.713326 -176.389181 -3.223903 124.189988
1.083799 -1.071438 0.714231 -176.229694 -3.373901 124.022323
1.081932 -1.065971 0.715027 -176.155928 -3.647973 123.882364
1.080540 -1.060099 0.715509 -176.098668 -3.933925 123.771893
1.078574 -1.053894 0.715763 -175.976911 -4.195969 123.691747
1.076595 -1.047163 0.715631 -175.878829 -4.449930 123.593730
1.073904 -1.040126 0.715123 -175.747858 -4.752770 123.593650
1.073256 -1.032923 0.715329 -175.565981 -5.181377 123.601950
1.072306 -1.025553 0.715061 -175.348644 -5.533327 123.624948
1.069501 -1.018151 0.713740 -175.126528 -5.802081 123.703961
1.068712 -1.012157 0.714288 -174.926949 -6.251794 123.887545
1.069843 -1.006288 0.714339 -174.751425 -6.634156 124.037531
1.066824 -1.000438 0.714385 -174.617372 -6.819547 124.175353
1.064901 -0.994519 0.714465 -174.448946 -7.188784 124.288267
1.065565 -0.989153 0.715329 -174.139176 -7.634702 124.380674
1.063133 -0.982518 0.714978 -173.764328 -7.868650 124.423420
1.061569 -0.977065 0.716174 -173.348557 -8.244833 124.571775
1.061246 -0.971110 0.716311 -172.990138 -8.567701 124.634594
1.057143 -0.966090 0.716886 -172.872493 -8.682157 124.733302
1.053217 -0.960501 0.717425 -172.806415 -9.009179 124.732736
1.053722 -0.954301 0.715856 -172.573385 -9.474792 124.687194
1.050029 -0.947844 0.715965 -172.298891 -9.576993 124.825610
1.044677 -0.942871 0.716888 -172.176488 -9.779074 124.989364
1.042202 -0.935228 0.715093 -172.121514 -10.228662 124.988185
1.038561 -0.928379 0.713406 -171.907246 -10.555365 125.149117
1.034111 -0.921398 0.712765 -171.536354 -10.907365 125.352387
1.030696 -0.914481 0.712075 -171.224190 -11.310448 125.576604
1.027426 -0.907219 0.711458 -170.983941 -11.766611 125.829121
1.025229 -0.900193 0.710498 -170.622642 -12.195634 126.099347
1.021672 -0.893549 0.709530 -170.327665 -12.464092 126.321132
1.017527 -0.887344 0.709047 -170.026599 -12.747370 126.520830
1.014687 -0.880730 0.707355 -169.773135 -13.077301 126.634668
1.009791 -0.873709 0.706573 -169.541191 -13.310296 126.763763
1.006008 -0.867660 0.706116 -169.306733 -13.720163 126.919123
1.004233 -0.861341 0.704896 -168.915561 -14.209692 127.013323
1.001551 -0.855522 0.704819 -168.529071 -14.555451 127.113348
0.998862 -0.849202 0.704843 -168.126575 -14.859521 127.158707
0.996683 -0.842915 0.704499 -167.846661 -15.136299 127.133455
0.994415 -0.836377 0.704430 -167.609582 -15.355490 127.085524
0.990797 -0.828883 0.703793 -167.417896 -15.501999 126.959713
0.986771 -0.820832 0.702498 -167.246853 -15.724320 126.890466
0.983646 -0.814060 0.701922 -167.055732 -16.068847 126.886571
0.981714 -0.805868 0.701052 -166.854483 -16.450637 126.822771
0.978492 -0.798167 0.701219 -166.539548 -16.785598 126.842079
0.976446 -0.789835 0.701030 -166.164675 -17.196599 126.800583
0.973413 -0.781584 0.701663 -165.816515 -17.545268 126.783828
0.973233 -0.772228 0.700519 -165.531981 -18.020067 126.643187
0.971875 -0.762176 0.699392 -165.378345 -18.348362 126.620289
0.970911 -0.752456 0.697842 -165.286535 -18.749451 126.665606
0.971792 -0.743398 0.697251 -165.121706 -19.185867 126.819863
0.971600 -0.734364 0.696629 -164.972942 -19.426021 126.892773
0.969091 -0.725218 0.696790 -164.870080 -19.613361 127.010513
0.970397 -0.716408 0.697787 -164.674023 -20.066382 127.075995
0.970922 -0.706750 0.696838 -164.366220 -20.306769 127.075647
0.969658 -0.697110 0.695485 -164.161382 -20.480338 127.119286
0.967936 -0.689494 0.694869 -164.059363 -20.758990 127.267695
0.969778 -0.681758 0.692896 -163.974721 -21.153868 127.356437
0.968670 -0.674970 0.692323 -163.792167 -21.313884 127.537575
0.966933 -0.667215 0.691773 -163.584712 -21.525623 127.634395
0.967049 -0.662003 0.691427 -163.339501 -21.843186 127.726411
0.966825 -0.654960 0.689606 -163.106732 -22.066765 127.637523
0.963453 -0.646730 0.688960 -162.734535 -22.222878 127.727793
0.962106 -0.640259 0.688515 -162.426827 -22.685275 127.857750
0.963048 -0.634082 0.688498 -162.124271 -23.149964 128.033387
0.960385 -0.627777 0.689554 -161.735348 -23.454111 128.216043
0.960803 -0.621585 0.689487 -161.207212 -23.942698 128.375258
0.960471 -0.616053 0.689803 -160.593840 -24.283504 128.596843
0.958706 -0.609224 0.689682 -160.189922 -24.598578 128.698084
0.956843 -0.602621 0.689793 -159.782572 -25.066550 128.940303
0.956236 -0.597373 0.690378 -159.233950 -25.680790 129.239390
0.957301 -0.591557 0.691073 -158.455095 -26.302788 129.566505
0.956752 -0.586377 0.692375 -157.589765 -26.763654 129.903889
0.956508 -0.579502 0.691940 -156.946879 -27.303575 130.044338
0.957767 -0.574787 0.692237 -156.341013 -27.949364 130.309394
0.960581 -0.569578 0.690984 -155.927714 -28.565483 130.397202
0.961657 -0.562381 0.689136 -155.598488 -29.069095 130.487652
0.964152 -0.554605 0.686392 -155.212629 -29.711410 130.733231
0.967664 -0.547285 0.683644 -154.678317 -30.411191 131.175680
0.970563 -0.540428 0.681945 -153.948540 -31.030750 131.844008
0.973750 -0.534024 0.680883 -153.115208 -31.655211 132.577655
0.977602 -0.529161 0.681630 -152.263020 -32.295396 133.243091
0.983976 -0.522641 0.680404 -151.582711 -32.888709 133.641012
0.988277 -0.514315 0.677255 -151.157622 -33.285134 133.899795
0.990832 -0.506139 0.674845 -150.702698 -33.659289 134.372642
0.995374 -0.500657 0.673576 -150.088593 -34.238361 135.011355
1.000476 -0.495645 0.672658 -149.422948 -34.735538 135.561044
1.003441 -0.489186 0.670799 -148.833959 -35.053023 135.919774
1.007105 -0.482489 0.668384 -148.368720 -35.487145 136.211661
1.010564 -0.476196 0.666244 -147.906790 -35.900522 136.612317
1.015114 -0.470668 0.664413 -147.398205 -36.342587 137.027120
1.018258 -0.465267 0.663806 -146.872984 -36.633162 137.437294
1.021806 -0.458867 0.661371 -146.393059 -36.996202 137.710793
1.026785 -0.453801 0.659060 -145.765754 -37.403985 138.120493
1.030022 -0.447786 0.657082 -145.195123 -37.655962 138.475904
1.033645 -0.441461 0.655745 -144.607759 -37.962182 138.905533
1.038628 -0.435813 0.653307 -143.931166 -38.302379 139.372110
1.041229 -0.430801 0.651966 -143.199086 -38.485549 139.907753
1.044417 -0.425284 0.650924 -142.514352 -38.746421 140.409151
1.047089 -0.419477 0.649608 -141.828601 -39.010742 140.898270
1.050768 -0.415303 0.648712 -140.990929 -39.351666 141.457602
1.053202 -0.409891 0.647694 -140.206104 -39.539170 141.865353
1.055006 -0.405677 0.648118 -139.439595 -39.810415 142.372687
1.058893 -0.402417 0.648154 -138.725805 -40.156179 142.788724
1.060060 -0.396712 0.647673 -138.166298 -40.277435 142.971395
1.061513 -0.390967 0.647153 -137.573239 -40.544811 143.290254
1.064090 -0.386554 0.647573 -136.919032 -40.867459 143.728914
1.065645 -0.381853 0.647229 -136.289796 -41.113263 144.097043
1.066886 -0.376330 0.647170 -135.562681 -41.348564 144.489841
1.067696 -0.370342 0.646801 -134.732154 -41.610777 144.995304
1.068138 -0.366029 0.648392 -133.807920 -41.893689 145.665351
1.068819 -0.361574 0.648703 -133.060300 -42.231687 146.179351
1.068713 -0.356225 0.648783 -132.358273 -42.605285 146.645064
1.069104 -0.351633 0.649081 -131.527826 -43.026494 147.237576
1.070111 -0.347225 0.650316 -130.568246 -43.389527 147.911198
1.069745 -0.343131 0.652004 -129.648883 -43.691176 148.565637
1.069073 -0.338967 0.654179 -128.796118 -44.014911 149.167454
1.069942 -0.336052 0.655512 -128.001869 -44.381301 149.707781
1.070030 -0.331834 0.656638 -127.219186 -44.653001 150.148126
1.069716 -0.327441 0.657602 -126.624065 -44.871233 150.551342
1.069347 -0.323414 0.658306 -126.196369 -45.083787 150.986415
1.068889 -0.320696 0.659851 -125.748806 -45.297998 151.512972
1.068675 -0.318230 0.660570 -125.327015 -45.554126 151.907285
1.068441 -0.315850 0.660938 -124.771054 -45.724194 152.322597
1.066720 -0.312371 0.661737 -124.281479 -45.855297 152.667556
1.065152 -0.309790 0.662320 -123.741624 -46.056152 153.151165
1.064581 -0.309585 0.663839 -123.113920 -46.321925 153.713727
1.062934 -0.307414 0.663741 -122.701106 -46.459717 153.912991
1.060284 -0.305286 0.663405 -122.142324 -46.615176 154.221235
1.058463 -0.304230 0.663740 -121.455588 -46.849544 154.693755
1.056231 -0.303754 0.663447 -120.778705 -47.000255 155.174366
1.052351 -0.302676 0.664878 -120.226280 -47.098411 155.572470
1.048853 -0.303341 0.666728 -119.665660 -47.303919 155.999689
1.045827 -0.303624 0.667355 -119.160415 -47.559070 156.225565
1.041966 -0.303459 0.668042 -118.607053 -47.730137 156.436101
1.037493 -0.301932 0.669054 -118.126571 -47.887385 156.584988
1.033307 -0.303062 0.669709 -117.396242 -48.082833 157.018776
1.026308 -0.303753 0.673040 -116.908560 -48.110950 157.290159
1.020805 -0.305028 0.674356 -116.759959 -48.403338 157.348402
1.014887 -0.305986 0.675045 -116.697118 -48.651765 157.282530
1.008173 -0.306072 0.675275 -116.602732 -48.877494 157.142291
1.000969 -0.306035 0.675334 -116.349636 -49.120986 157.088769
0.993756 -0.307069 0.676559 -115.984236 -49.341908 157.178419
0.985898 -0.307297 0.677627 -115.867860 -49.585819 157.093692
0.979148 -0.307186 0.676419 -115.772779 -49.903044 157.045249
0.972584 -0.309511 0.676756 -115.373471 -50.117599 157.262709
0.965204 -0.310501 0.676383 -115.177061 -50.192433 157.176281
0.957668 -0.309441 0.673999 -115.189403 -50.299110 156.976528
0.951079 -0.310084 0.672539 -115.019703 -50.342456 157.122028
0.943686 -0.309764 0.671169 -115.017983 -50.255089 157.130555
0.933406 -0.307735 0.670619 -115.024795 -50.037754 157.161597
0.924822 -0.307040 0.671020 -114.738273 -50.094694 157.427944
0.915993 -0.307576 0.671805 -114.125598 -50.080510 157.792280
0.907416 -0.306672 0.670623 -113.574992 -50.128171 157.938411
0.896415 -0.303563 0.669816 -113.146419 -50.115381 158.043970
0.886155 -0.300969 0.669074 -112.661192 -50.274545 158.516753
0.876755 -0.302564 0.669564 -112.118366 -50.542886 159.205242
0.868143 -0.300694 0.665882 -111.911683 -50.873750 159.426845
0.856628 -0.298705 0.665458 -111.667807 -50.982813 159.916323
0.846241 -0.299017 0.665716 -111.457349 -51.220567 160.482645
0.836855 -0.297436 0.663915 -111.144751 -51.549779 160.900098
0.828601 -0.298335 0.663429 -110.268503 -51.660088 161.671430
0.818085 -0.298792 0.663648 -109.490085 -51.571314 162.144826
0.806555 -0.296098 0.663919 -109.125218 -51.549860 162.338159
0.796612 -0.296004 0.664101 -108.800696 -51.680003 162.838094
0.787677 -0.298485 0.666451 -108.607908 -51.844678 163.219048
0.779034 -0.299204 0.666558 -108.799226 -51.980904 163.042158
0.769314 -0.297654 0.666459 -108.996713 -52.029316 162.723889
0.760615 -0.295434 0.665465 -108.879777 -52.126685 162.572957
0.751435 -0.293328 0.664729 -108.442854 -52.145389 162.696706
0.742066 -0.291812 0.665596 -107.893792 -52.156278 163.088547
0.734303 -0.291437 0.665325 -107.381962 -52.313186 163.645393
0.726046 -0.291954 0.665695 -106.936415 -52.413118 164.269792
0.718204 -0.293710 0.667733 -106.387356 -52.441623 164.889379
0.709867 -0.295112 0.669973 -106.052015 -52.440120 165.141576
0.701495 -0.295659 0.671583 -105.984273 -52.501566 165.094342
0.693229 -0.295196 0.672313 -105.949024 -52.603186 165.010002
0.685342 -0.296597 0.674110 -105.737989 -52.706706 165.122711
0.677056 -0.295401 0.673987 -105.780213 -52.812979 164.976409
0.669019 -0.294446 0.674245 -105.644190 -52.931248 165.182333
0.661739 -0.296172 0.675037 -105.347182 -52.994638 165.682668
0.653607 -0.296301 0.675377 -105.311077 -52.995576 165.863272
0.644061 -0.295778 0.676516 -105.023479 -52.972076 166.229987
0.636941 -0.298276 0.677627 -104.331967 -53.101970 166.916245
0.628395 -0.299222 0.677915 -103.862272 -53.074727 167.255335
0.619185 -0.299574 0.678932 -103.438769 -53.047252 167.624279
0.611040 -0.300632 0.678720 -102.869702 -53.125095 168.164662
0.601757 -0.302269 0.678411 -102.202059 -53.099171 168.720447
0.591632 -0.302084 0.679858 -101.597231 -53.014352 169.198970
0.582469 -0.304055 0.679879 -100.625926 -53.109661 170.030994
0.573203 -0.307616 0.681144 -99.629333 -53.092842 170.861557
0.564602 -0.309853 0.682048 -99.052693 -53.098167 171.280625
0.554718 -0.310093 0.682883 -98.914749 -53.032682 171.447052
0.544303 -0.309551 0.684146 -98.659619 -53.082499 171.856463
0.535816 -0.312171 0.685963 -97.998850 -53.198112 172.617979
0.527610 -0.313106 0.686887 -97.525216 -53.272958 172.943320
0.519575 -0.312767 0.687386 -97.073719 -53.249897 173.215916
0.509778 -0.313949 0.689240 -96.778262 -53.139219 173.632989
0.501666 -0.314826 0.689515 -96.795578 -53.273931 173.923816
0.492906 -0.316605 0.691056 -96.701009 -53.301709 174.212900
0.484073 -0.317534 0.691445 -96.477232 -53.353258 174.293084
0.475306 -0.318461 0.691911 -96.038659 -53.377921 174.409852
0.465778 -0.319217 0.693884 -95.799560 -53.337893 174.469836
0.457872 -0.321324 0.694451 -95.668988 -53.421652 174.547484
0.450443 -0.323234 0.692846 -95.737153 -53.483888 174.409237
0.441448 -0.324056 0.691720 -95.820507 -53.300258 174.202776
0.431959 -0.324380 0.691246 -96.040515 -53.097405 173.978884
0.421608 -0.325317 0.690838 -96.354659 -52.910623 173.783188
0.410829 -0.327659 0.691973 -96.626858 -52.759924 173.586423
0.400969 -0.328537 0.691555 -97.142039 -52.751580 173.004857
0.391010 -0.328087 0.689501 -97.786225 -52.787222 172.369008
0.380731 -0.326898 0.688893 -98.245343 -52.684915 171.932622
0.370930 -0.327430 0.689131 -98.379666 -52.561425 171.712487
0.360758 -0.328186 0.690514 -98.528725 -52.367277 171.361009
0.351247 -0.328230 0.689625 -98.954407 -52.295917 170.800378
0.341303 -0.327657 0.688801 -99.549155 -52.161818 170.202419
0.331097 -0.327569 0.688730 -99.969303 -51.992479 169.838584
0.320151 -0.328058 0.690113 -100.234697 -51.804729 169.546537
0.310385 -0.328556 0.690387 -100.469094 -51.785950 169.182551
0.300905 -0.326336 0.690056 -100.750451 -51.773400 168.665694
0.291885 -0.325016 0.689583 -100.960124 -51.769617 168.322435
0.283145 -0.322441 0.688815 -101.192913 -51.764031 168.113906
0.274320 -0.321999 0.688754 -100.963050 -51.699900 168.366729
0.266268 -0.323340 0.689079 -100.700345 -51.659136 168.545765
0.256925 -0.322367 0.690745 -100.776386 -51.443562 168.386933
0.248398 -0.321606 0.690907 -101.008677 -51.449401 168.262425
0.238825 -0.321157 0.692125 -101.291235 -51.395256 168.198021
0.230296 -0.320634 0.692630 -101.471412 -51.449044 168.102654
0.221754 -0.319524 0.693038 -101.507809 -51.459482 168.068506
0.213023 -0.319522 0.693932 -101.391286 -51.444027 168.229224
0.204844 -0.320487 0.695190 -101.331853 -51.403151 168.364986
0.197384 -0.320970 0.695416 -101.542414 -51.354125 168.198564
0.189015 -0.320826 0.694881 -101.853361 -51.219115 168.009208
0.180327 -0.320486 0.694921 -102.166419 -51.059269 167.909239
0.171206 -0.320783 0.695257 -102.531759 -50.936335 167.858477
0.162280 -0.319802 0.694756 -102.854648 -50.884618 167.828642
0.154134 -0.318427 0.694232 -102.971311 -50.842235 167.936969
0.145490 -0.319874 0.694930 -102.685740 -50.700298 168.470098
0.136013 -0.321315 0.695922 -102.345068 -50.558242 168.878652
0.127192 -0.323065 0.696871 -101.970819 -50.422395 169.148435
0.117265 -0.324665 0.697389 -101.748197 -50.173040 169.220103
0.105820 -0.324947 0.699255 -101.844600 -49.995302 169.137444
0.095820 -0.326904 0.700356 -102.022936 -49.985286 169.214032
0.085980 -0.328722 0.701062 -102.141932 -50.051686 169.239248
0.075109 -0.331747 0.701675 -101.919249 -50.088608 169.328372
0.065235 -0.332312 0.702395 -101.768370 -50.228727 169.131989
0.055085 -0.331409 0.702262 -101.628357 -50.356605 168.996947
0.046622 -0.331120 0.701114 -101.436124 -50.580716 169.072776
0.038974 -0.331515 0.698892 -101.260300 -50.659859 169.255468
0.029658 -0.331214 0.698307 -101.029042 -50.487524 169.504022
0.019130 -0.332017 0.698740 -100.875949 -50.297534 169.772822
0.010576 -0.332606 0.698073 -100.785250 -50.323982 169.917739
0.001054 -0.331687 0.697399 -100.799119 -50.232468 169.897033
-0.009224 -0.331902 0.698241 -100.768759 -50.124268 169.987233
-0.018605 -0.330779 0.697830 -101.013471 -50.096586 169.802881
-0.027285 -0.329832 0.696272 -101.409459 -50.076016 169.532252
-0.036593 -0.329365 0.694866 -101.752381 -49.896527 169.331468
-0.046317 -0.330665 0.693737 -101.942078 -49.674111 169.201181
-0.057120 -0.332079 0.694617 -102.452255 -49.278787 168.741710
-0.070744 -0.330085 0.695174 -103.549497 -48.960460 167.773353
-0.079764 -0.331401 0.694310 -104.280028 -49.034399 167.130963
-0.090485 -0.331368 0.693177 -105.272826 -48.774781 166.091496
-0.104488 -0.328812 0.692327 -106.378337 -48.472198 165.095744
-0.116664 -0.329221 0.693284 -107.117889 -48.323125 164.646973
-0.130256 -0.330068 0.695846 -107.963856 -48.122651 163.997608
-0.143780 -0.331120 0.698096 -109.041713 -48.030736 163.134744
-0.156066 -0.331006 0.698623 -110.472679 -48.156854 161.993988
-0.168460 -0.330851 0.697960 -111.873599 -48.223691 161.014250
-0.181797 -0.331999 0.699094 -113.086497 -48.229089 160.283907
-0.195799 -0.332833 0.700265 -114.319669 -48.209175 159.461735
-0.211403 -0.334300 0.701217 -115.474629 -48.378423 158.689109
-0.224857 -0.337824 0.701235 -116.334005 -48.788595 158.031130
-0.236929 -0.339425 0.698879 -117.299846 -49.252329 157.108640
-0.250966 -0.340696 0.696197 -118.094927 -49.632156 156.413927
-0.262142 -0.344490 0.692867 -118.728866 -50.169973 155.994760
-0.274446 -0.348726 0.691012 -119.618365 -50.478070 155.557278
-0.286076 -0.351959 0.688585 -120.628025 -50.899279 155.082145
-0.295741 -0.357897 0.685046 -121.121204 -51.333916 154.778783
-0.305239 -0.364003 0.682285 -121.683657 -51.535560 154.350089
-0.317023 -0.367192 0.680154 -122.705515 -51.642093 153.686543
-0.326746 -0.373171 0.678132 -123.733790 -51.943335 153.369927
-0.334973 -0.379943 0.675770 -124.625551 -52.190090 152.946112
-0.343643 -0.387163 0.672557 -125.359714 -52.294571 152.480557
-0.351171 -0.395718 0.669643 -125.986165 -52.350386 152.082273
-0.358316 -0.407835 0.668692 -126.516900 -52.163686 151.717658
-0.366740 -0.416577 0.668073 -127.677158 -51.804777 150.577376
-0.374396 -0.424706 0.666561 -128.764411 -51.539025 149.578194
-0.380096 -0.434857 0.664758 -129.819338 -51.333298 148.654823
-0.385566 -0.445659 0.661927 -130.709292 -50.856082 147.471796
-0.395121 -0.455530 0.660838 -131.273710 -50.185402 146.418482
-0.438463 -0.528238 0.652870 -137.973985 -48.817343 139.342922
-0.459213 -0.577226 0.658168 -143.132910 -47.230106 134.254903
-0.463842 -0.585877 0.657179 -145.151731 -46.316619 132.319560
-0.471358 -0.593040 0.657559 -147.201026 -45.170112 130.687546
-0.476718 -0.599496 0.661858 -149.047572 -44.226026 129.435413
-0.481773 -0.606403 0.663839 -150.732269 -43.300622 128.258408
-0.486590 -0.613715 0.667416 -152.399538 -42.438382 127.136653
-0.490035 -0.618385 0.664315 -153.860241 -41.692507 125.943167
-0.493847 -0.626390 0.667864 -154.474428 -40.869107 125.464767
-0.497282 -0.633478 0.669700 -155.141748 -40.054412 124.734301
-0.501483 -0.636988 0.675003 -155.727760 -39.069208 124.120942
-0.507203 -0.640588 0.675636 -156.618905 -38.354525 123.316311
-0.510469 -0.643266 0.677352 -157.300000 -37.976352 122.915114
-0.511805 -0.647293 0.680531 -157.733618 -37.690245 122.694406
-0.513147 -0.652347 0.680774 -158.083991 -37.328048 122.480315
-0.515884 -0.655881 0.686305 -158.266502 -36.804674 122.422932
-0.518474 -0.658369 0.687553 -158.550198 -36.370909 122.187778
-0.523538 -0.663454 0.693779 -158.974216 -35.776484 122.105499
-0.531349 -0.664123 0.695733 -160.059391 -35.201646 121.462539
-0.538871 -0.666476 0.700128 -160.973401 -35.043568 121.114036
-0.540808 -0.669534 0.701558 -161.717041 -35.284970 120.702627
-0.545870 -0.672562 0.704327 -162.001254 -35.181453 120.478873
-0.551744 -0.672320 0.705120 -162.263959 -35.032367 120.142468
-0.558423 -0.674691 0.705402 -162.089648 -34.976746 120.176122
-0.567510 -0.675890 0.706219 -161.922706 -34.817248 120.253883
-0.575657 -0.679157 0.706408 -162.137587 -34.775948 120.310854
-0.582481 -0.683868 0.706462 -162.592817 -34.705110 120.296165
-0.586840 -0.689109 0.703568 -163.102153 -34.544668 120.234066
-0.597075 -0.694452 0.706128 -163.353763 -34.022354 120.304955
-0.606130 -0.699826 0.706205 -163.862327 -33.618693 120.017031
-0.614968 -0.706253 0.706396 -164.078354 -33.192324 119.853751
-0.736095 -0.730534 0.671523 -165.543191 -27.746551 120.711887
-0.735206 -0.720203 0.670463 -165.190508 -28.506276 121.371631
-0.723923 -0.711360 0.675766 -164.559186 -29.516859 122.076638
-0.719201 -0.702031 0.674043 -164.159960 -30.474084 122.600907
-0.715890 -0.683451 0.673370 -163.775401 -31.224584 122.990158
-0.713041 -0.672904 0.675276 -162.836236 -32.158864 123.730394
-0.712246 -0.661864 0.671782 -162.117160 -33.254365 124.092806
-0.710653 -0.647117 0.662933 -161.438049 -34.392099 124.437594
-0.706159 -0.637775 0.663312 -160.224313 -35.425781 125.263566
-0.701550 -0.627485 0.662478 -159.223050 -36.453904 125.964411
-0.698525 -0.617335 0.663046 -158.414826 -37.481092 126.662041
-0.692229 -0.606438 0.663419 -157.658161 -38.731840 127.290949
-0.685656 -0.596583 0.665776 -156.667175 -39.975245 128.031365
-0.680113 -0.586361 0.666896 -155.607615 -41.179825 128.654791
-0.670960 -0.578619 0.666203 -154.485851 -42.668671 129.283840
-0.662561 -0.568897 0.667145 -153.232679 -43.792030 129.763518
-0.655277 -0.557134 0.666040 -152.212879 -44.798428 130.155289
-0.647985 -0.547013 0.666690 -151.002847 -45.878498 130.918821
-0.637564 -0.536997 0.666485 -149.794995 -47.048096 131.785836
-0.629828 -0.523135 0.664297 -148.758425 -47.973723 132.451672
-0.620735 -0.510174 0.664837 -147.397076 -48.934338 133.374748
-0.611936 -0.500643 0.664034 -145.829835 -49.987686 134.442777
-0.600041 -0.493262 0.663277 -144.035222 -51.128969 135.585095
-0.589586 -0.484268 0.661316 -142.209064 -52.052007 136.630561
-0.576943 -0.473699 0.660120 -140.360109 -52.986823 137.812329
-0.565232 -0.465744 0.658387 -138.412512 -53.831322 139.346590
-0.552091 -0.458198 0.658455 -136.508989 -54.592590 140.854829
-0.537385 -0.451765 0.653928 -134.548341 -55.175070 142.257643
-0.529606 -0.439697 0.653981 -132.744473 -55.071042 143.561328
-0.521036 -0.431706 0.652862 -131.392142 -55.515117 144.930558
-0.509605 -0.425514 0.650724 -129.840202 -56.207507 146.476645
-0.498793 -0.419887 0.647957 -128.153431 -56.750646 147.945082
-0.489810 -0.413473 0.645764 -126.392398 -57.132693 149.435490
-0.479416 -0.407566 0.644994 -124.360332 -57.538644 151.060289
-0.468871 -0.402319 0.642606 -122.260253 -57.828051 152.606372
-0.460341 -0.396595 0.641195 -120.168430 -57.924805 154.249053
-0.452834 -0.391808 0.641466 -118.278779 -58.043161 155.940657
-0.445966 -0.386732 0.639093 -116.863277 -58.439362 157.380607
-0.438858 -0.378778 0.638527 -115.112247 -58.929438 159.028635
-0.429606 -0.373880 0.641016 -112.600085 -59.423619 161.169120
-0.419302 -0.372071 0.639299 -110.266853 -59.943309 162.932658
-0.411846 -0.364083 0.637728 -108.337793 -60.151756 164.148958
-0.402259 -0.359233 0.636578 -105.745953 -60.524857 166.301220
-0.390805 -0.358995 0.634517 -102.883868 -60.842143 168.712298
-0.381152 -0.355330 0.634579 -100.674124 -60.960440 170.384456
-0.370119 -0.351211 0.632310 -98.484083 -61.187166 171.981692
-0.358007 -0.350412 0.632131 -96.317798 -61.238976 173.648730
-0.345880 -0.349556 0.630991 -94.779818 -61.266760 174.757079
-0.333878 -0.347794 0.628877 -93.607423 -61.218168 175.611126
-0.321645 -0.344333 0.628233 -92.486577 -61.051126 176.526752
-0.308668 -0.344793 0.628842 -91.205726 -60.897905 177.777669
-0.295619 -0.343821 0.628558 -90.329743 -60.779660 178.496958
-0.282856 -0.343487 0.629049 -89.505975 -60.646247 179.170599
-0.270928 -0.344374 0.629547 -88.787091 -60.485513 179.868846
-0.259115 -0.344177 0.629919 -88.439650 -60.434746 -179.718122
-0.247460 -0.344760 0.630985 -88.034334 -60.447940 -179.249090
-0.236847 -0.346706 0.632299 -87.757322 -60.550962 -178.821259
-0.226530 -0.346290 0.633486 -87.622960 -60.758633 -178.575946
-0.216493 -0.347941 0.634783 -87.021894 -61.034567 -177.914457
-0.204567 -0.352083 0.634331 -86.328251 -61.380778 -177.221001
-0.194333 -0.354487 0.634117 -86.104171 -61.551041 -177.042509
-0.182790 -0.355638 0.634076 -85.888516 -61.712250 -176.749723
-0.171141 -0.360047 0.632010 -85.283440 -61.794479 -176.095209
-0.160499 -0.363892 0.631711 -85.071468 -61.673595 -175.925742
-0.149577 -0.366081 0.630873 -85.116473 -61.593965 -175.985430
-0.138460 -0.368821 0.629652 -85.113657 -61.484338 -175.924059
-0.128009 -0.372624 0.628991 -85.151236 -61.333123 -175.894214
-0.118196 -0.375665 0.629362 -85.322662 -61.164788 -176.140858
-0.107507 -0.378297 0.628580 -85.533880 -61.099757 -176.503699
-0.099457 -0.378698 0.627759 -85.873744 -60.929558 -176.942161
-0.091619 -0.379917 0.627338 -85.980055 -60.771080 -176.979028
-0.084410 -0.382788 0.626791 -85.798962 -60.615250 -176.828629
-0.078304 -0.383555 0.626942 -85.850814 -60.461772 -176.987274
-0.072811 -0.384195 0.626142 -85.786791 -60.357327 -176.930421
-0.067636 -0.386133 0.624909 -85.572601 -60.297698 -176.725854
-0.063887 -0.387343 0.623640 -85.459413 -60.202227 -176.733704
-0.061183 -0.386444 0.623725 -85.425695 -60.064048 -176.806306
-0.058717 -0.387006 0.624284 -85.224592 -60.002476 -176.609935
-0.056895 -0.386305 0.623739 -84.944836 -60.049020 -176.570603
-0.055047 -0.385640 0.622741 -84.205839 -59.969283 -176.390679
-0.055295 -0.384041 0.623178 -83.395178 -59.792140 -176.157264
-0.055761 -0.382096 0.623360 -82.740935 -59.689445 -175.932099
-0.059207 -0.376651 0.622714 -81.596316 -59.443744 -174.780225
-0.061467 -0.373962 0.623345 -81.297422 -59.320514 -174.385096
-0.064009 -0.372644 0.622500 -80.775652 -59.291822 -173.868358
-0.066361 -0.371077 0.622228 -80.246559 -59.197600 -173.537226
-0.070501 -0.368516 0.622528 -79.700001 -59.055518 -173.282774
-0.074694 -0.365190 0.621641 -79.179163 -58.998865 -172.981725
-0.078819 -0.362273 0.621463 -78.674942 -58.870549 -172.551296
-0.084796 -0.359760 0.622013 -78.088731 -58.690505 -172.061396
-0.090945 -0.357058 0.621978 -77.572413 -58.600030 -171.721466
-0.097371 -0.353231 0.621231 -77.040717 -58.539791 -171.311729
-0.105400 -0.349514 0.620992 -76.340328 -58.367752 -170.688247
-0.113230 -0.346705 0.620901 -75.369930 -58.231190 -169.821872
-0.122298 -0.343360 0.620398 -74.378546 -58.053340 -169.006527
-0.131410 -0.340998 0.620528 -73.328137 -57.915546 -168.111461
-0.141330 -0.338464 0.620289 -72.524510 -57.782936 -167.456763
-0.151374 -0.335145 0.620198 -71.743292 -57.710673 -166.763739
-0.161844 -0.332870 0.619632 -70.813721 -57.598010 -165.950723
-0.173624 -0.329114 0.620947 -70.123825 -57.426188 -165.416977
-0.184633 -0.323216 0.621557 -69.293247 -57.395370 -164.674548
-0.195203 -0.319780 0.620505 -67.988770 -57.246289 -163.439373
-0.206717 -0.316802 0.620675 -66.812183 -56.947881 -162.429433
-0.218070 -0.311790 0.620567 -65.799172 -56.677739 -161.722051
-0.229575 -0.304325 0.620485 -64.846876 -56.334801 -161.036821
-0.241167 -0.297153 0.619704 -63.689738 -55.920236 -159.991326
-0.254054 -0.290939 0.620882 -62.522709 -55.343548 -158.938620
-0.265129 -0.285667 0.620062 -61.218227 -54.925121 -157.816755
-0.277636 -0.278556 0.622395 -60.038509 -54.284628 -156.987035
-0.288872 -0.270600 0.625715 -58.825166 -53.747238 -156.049785
-0.298427 -0.262996 0.627103 -57.518577 -53.394534 -154.912097
-0.309435 -0.257171 0.628594 -56.051604 -52.914907 -153.619877
-0.321383 -0.253157 0.631247 -54.515535 -52.384719 -152.381848
-0.331980 -0.250055 0.631772 -53.065206 -52.041288 -151.346571
-0.370012 -0.226696 0.637113 -48.852020 -50.767234 -148.221444
-0.382794 -0.225054 0.636776 -47.738501 -50.361004 -147.199728
-0.392774 -0.222272 0.637801 -46.859446 -50.259460 -146.614892
-0.400973 -0.217911 0.638415 -46.226882 -50.275245 -146.246158
-0.408905 -0.212611 0.638774 -45.712787 -50.221827 -145.882400
-0.416782 -0.208052 0.638315 -45.050073 -50.100773 -145.332623
-0.424532 -0.204993 0.636652 -44.291692 -49.940633 -144.842254
-0.432608 -0.200311 0.635513 -43.815213 -49.728909 -144.769359
-0.442029 -0.195147 0.634519 -43.541334 -49.427429 -144.635598
-0.451738 -0.190075 0.631511 -43.267543 -49.128013 -144.364736
-0.461316 -0.184380 0.629629 -42.942655 -48.762518 -144.151907
-0.471583 -0.179576 0.627292 -42.388137 -48.474358 -143.819574
-0.481070 -0.172033 0.624008 -41.958221 -48.258400 -143.719407
-0.489082 -0.162436 0.621945 -41.523967 -47.932003 -143.533027
-0.499992 -0.156582 0.618532 -40.772562 -47.428475 -142.934518
-0.510273 -0.150843 0.617166 -40.382570 -47.081052 -142.796169
-0.517156 -0.140910 0.615484 -40.281724 -46.957881 -142.827335
-0.524375 -0.133231 0.613897 -39.980601 -46.519658 -142.531035
-0.533284 -0.126459 0.612140 -39.718177 -46.012837 -142.331096
-0.540995 -0.117467 0.612198 -39.600052 -45.587772 -142.348311
-0.548016 -0.107534 0.611864 -39.324621 -45.173001 -142.158960
-0.555171 -0.099541 0.611148 -38.834932 -44.689208 -141.888407
-0.561791 -0.090344 0.610841 -38.308419 -44.239106 -141.774690
-0.567971 -0.080787 0.610682 -37.725505 -43.708014 -141.644251
-0.575408 -0.071958 0.609364 -36.952719 -43.135442 -141.332039
-0.582218 -0.062387 0.610169 -36.456814 -42.510838 -141.235743
-0.589842 -0.052983 0.611726 -35.823930 -41.877507 -140.956387
-0.596312 -0.043873 0.610213 -34.987005 -41.445146 -140.513036
-0.602861 -0.033481 0.611433 -34.408135 -40.929641 -140.275718
-0.607787 -0.023952 0.611441 -33.626406 -40.415243 -139.804680
-0.615041 -0.014551 0.613038 -32.912230 -39.810261 -139.481933
-0.639039 0.091091 0.615425 -23.780571 -32.971180 -133.956290
-0.639183 0.099701 0.615541 -22.874856 -32.221778 -133.443259
-0.638812 0.111087 0.616058 -22.216981 -31.522465 -133.049926
-0.638953 0.119178 0.617028 -21.546304 -30.627856 -132.410610
-0.638243 0.128975 0.617256 -20.990910 -29.901939 -131.900237
-0.635793 0.138927 0.616898 -20.101778 -29.160611 -131.318503
-0.635795 0.147008 0.617866 -19.010017 -28.112855 -130.743555
-0.633118 0.156424 0.617925 -17.856987 -27.271125 -130.275182
-0.632579 0.164614 0.619156 -16.551942 -26.155242 -129.896792
-0.631231 0.172842 0.620680 -15.123138 -25.113599 -129.494130
-0.630523 0.180416 0.621864 -13.785901 -24.091271 -129.055947
-0.629123 0.188535 0.623092 -12.843672 -23.263483 -128.640634
-0.628020 0.194741 0.623343 -12.397516 -22.523395 -128.050809
-0.626395 0.200005 0.622309 -12.185373 -21.832624 -127.559851
-0.626196 0.205707 0.622689 -11.851596 -21.121155 -127.262459
-0.625037 0.211877 0.623619 -11.548681 -20.584435 -126.911814
-0.623702 0.215616 0.624898 -11.295723 -19.947520 -126.368317
-0.621928 0.220622 0.624253 -10.901979 -19.295275 -125.818518
-0.620527 0.225405 0.624167 -10.441093 -18.704418 -125.432640
-0.619488 0.228888 0.624281 -10.049434 -18.126283 -125.069395
-0.618702 0.231788 0.623662 -9.681938 -17.518955 -124.740765
-0.619460 0.234907 0.623105 -9.369834 -16.993971 -124.548280
-0.620156 0.236837 0.622799 -9.262303 -16.705715 -124.320359
-0.620437 0.238475 0.622428 -9.449871 -16.612921 -124.075448
-0.619143 0.239027 0.622157 -9.696119 -16.611879 -123.889831
-0.617999 0.237887 0.621373 -9.718128 -16.555890 -123.800625
-0.616727 0.236259 0.620212 -9.713957 -16.520130 -123.895469
-0.615491 0.233491 0.619605 -9.732692 -16.424060 -124.065083
-0.615730 0.229559 0.618813 -9.695867 -16.336622 -124.296319
-0.609475 0.183240 0.608189 -11.040580 -18.389176 -126.785919
-0.607808 0.175886 0.608670 -11.178636 -18.643169 -127.161575
-0.606708 0.167891 0.608537 -11.464424 -18.986885 -127.558244
-0.604891 0.160108 0.609394 -11.942421 -19.532590 -127.987525
-0.602578 0.152013 0.608609 -12.592719 -20.092892 -128.289166
-0.599650 0.144217 0.609102 -13.372088 -20.647060 -128.671172
-0.596871 0.135104 0.609586 -13.983179 -21.151114 -129.016678
-0.593084 0.126568 0.610723 -14.421711 -21.708179 -129.511841
-0.589333 0.118100 0.610693 -14.859105 -22.199625 -130.019985
-0.586869 0.108391 0.611683 -15.514353 -22.647721 -130.510934
-0.584297 0.098399 0.611399 -16.233636 -23.183297 -130.929640
-0.581661 0.088157 0.612127 -17.088850 -23.821354 -131.347516
-0.577154 0.078653 0.612369 -18.045300 -24.605698 -131.754831
-0.572910 0.068032 0.612773 -18.990690 -25.308091 -132.057340
-0.568941 0.056530 0.611836 -19.775924 -25.971344 -132.324568
-0.564191 0.045180 0.612966 -20.649476 -26.689627 -132.816650
-0.558091 0.034076 0.613392 -21.478530 -27.455297 -133.249753
-0.554635 0.021415 0.614647 -22.315735 -28.073263 -133.716470
-0.549366 0.008634 0.616023 -23.222627 -28.968742 -134.186162
-0.543044 -0.002949 0.618631 -24.240668 -29.917676 -134.775189
-0.536986 -0.015546 0.620250 -25.377628 -30.892903 -135.179328
-0.529071 -0.029497 0.622885 -26.321227 -31.847071 -135.580296
-0.522623 -0.043927 0.625240 -26.938908 -32.657135 -136.048246
-0.515665 -0.057450 0.628698 -27.618541 -33.563669 -136.674852
-0.506596 -0.070204 0.632111 -28.517012 -34.540451 -137.305472
-0.497856 -0.082454 0.636493 -29.605816 -35.362771 -137.916971
-0.488903 -0.095872 0.637948 -30.406756 -36.122162 -138.205399
-0.480238 -0.108630 0.640128 -31.292966 -36.916741 -138.775237
-0.471041 -0.119907 0.643577 -32.289811 -37.737370 -139.425882
-0.464859 -0.133501 0.644908 -33.080430 -38.426845 -139.875972
-0.457184 -0.144957 0.646304 -34.031933 -39.365463 -140.503965
-0.447487 -0.154897 0.648867 -35.009551 -40.151782 -141.160356
-0.440240 -0.166278 0.649837 -35.568195 -40.701360 -141.498684
-0.385351 -0.244902 0.651496 -41.809721 -42.279225 -146.993854
-0.376551 -0.255693 0.649922 -43.300694 -42.831846 -147.722145
-0.363154 -0.277806 0.650961 -46.220573 -43.632207 -150.130856
-0.357222 -0.285530 0.656494 -48.079686 -44.023344 -151.477639
-0.348295 -0.295346 0.655051 -49.117112 -44.623195 -152.022962
-0.343640 -0.307811 0.655716 -50.223683 -44.833221 -152.991140
-0.339134 -0.311173 0.655671 -51.735674 -45.428207 -154.575766
-0.336007 -0.319739 0.660320 -52.863565 -45.829097 -155.438681
-0.331522 -0.326698 0.662823 -54.212471 -46.586633 -156.478786
-0.327335 -0.330252 0.665214 -55.561342 -47.346211 -157.418587
-0.324035 -0.339941 0.666933 -56.215247 -47.844566 -157.745571
-0.320127 -0.344101 0.668664 -57.254506 -48.521662 -158.782530
-0.313271 -0.346238 0.667185 -57.877245 -49.275938 -159.512099
-0.311666 -0.352149 0.668361 -58.193100 -49.473712 -159.867454
-0.309037 -0.356157 0.670276 -58.687994 -49.950010 -160.407122
-0.304437 -0.359717 0.669202 -59.247065 -50.660452 -160.871478
-0.299753 -0.363160 0.670177 -59.869777 -51.144152 -161.331596
-0.296401 -0.368607 0.672563 -60.263234 -51.594898 -161.613007
-0.290230 -0.375931 0.672022 -60.744843 -52.320693 -162.110410
-0.283466 -0.378779 0.671093 -61.958828 -52.984053 -163.361570
-0.279304 -0.381714 0.672989 -63.065959 -53.376483 -164.238024
-0.273425 -0.386614 0.675514 -64.093964 -53.919304 -164.921479
-0.265652 -0.390507 0.676118 -65.105688 -54.571268 -165.689661
-0.259627 -0.393718 0.677056 -65.854259 -54.910798 -166.364955
-0.253402 -0.397403 0.677949 -66.237657 -55.256395 -166.767604
-0.247395 -0.401975 0.679611 -66.793161 -55.400484 -167.257797
-0.244606 -0.406204 0.685382 -67.355815 -55.401950 -167.702354
-0.240234 -0.413451 0.690632 -67.394552 -55.773888 -167.834647
-0.236865 -0.419271 0.696594 -67.914884 -56.198547 -168.546918
-0.215775 -0.457493 0.775962 -71.638993 -62.134783 -171.171230
-0.212985 -0.460555 0.776227 -71.905453 -62.715938 -171.094041
-0.210233 -0.462615 0.776961 -72.222162 -63.074260 -171.236816
-0.208760 -0.462966 0.777714 -72.614887 -63.272727 -171.454529
-0.205882 -0.462627 0.779772 -73.014629 -63.458030 -171.531734
-0.201739 -0.465235 0.782831 -72.958316 -63.556670 -171.316576
-0.197846 -0.468112 0.784465 -72.870658 -63.640449 -171.394505
-0.195726 -0.466118 0.786296 -73.383132 -63.740017 -171.944547
-0.192881 -0.465429 0.786904 -73.677224 -63.983038 -171.985050
-0.189496 -0.468600 0.785913 -73.745838 -64.252860 -171.762732
-0.186315 -0.467692 0.784854 -74.217529 -64.473004 -172.034803
-0.182130 -0.468061 0.784517 -74.100915 -64.640341 -171.801266
-0.177611 -0.470148 0.783102 -73.525547 -64.774168 -171.446384
-0.173637 -0.467824 0.778709 -73.368926 -64.858370 -171.607175
-0.168960 -0.463486 0.775559 -72.975600 -64.738867 -171.295206
-0.165134 -0.463333 0.773907 -71.946486 -64.447965 -170.189645
-0.161211 -0.466813 0.774147 -70.872967 -64.073636 -169.272943
-0.157215 -0.470407 0.774694 -70.241130 -63.822543 -168.994191
-0.151798 -0.469277 0.773589 -70.317611 -63.753378 -169.319978
-0.144993 -0.470202 0.772370 -70.223285 -63.621057 -169.265606
-0.139431 -0.473478 0.770719 -70.414381 -63.408135 -169.419424
-0.135577 -0.470269 0.767978 -71.187202 -63.301647 -170.021891
-0.129777 -0.466552 0.766758 -71.354755 -63.139518 -169.870060
-0.124713 -0.469692 0.767793 -70.768215 -62.838728 -168.988659
-0.119590 -0.470035 0.768266 -70.208976 -62.697331 -168.552975
-0.112246 -0.468477 0.765900 -69.387171 -62.747486 -167.979551
-0.102599 -0.463257 0.759746 -68.676800 -62.761566 -167.371658
-0.092309 -0.462783 0.750178 -67.314468 -62.487712 -165.866595
-0.082174 -0.461600 0.747784 -65.560095 -61.740921 -164.159699
-0.071964 -0.461668 0.743463 -64.185809 -60.979677 -162.950159
-0.060748 -0.459889 0.741862 -62.797108 -60.226946 -161.876103
-0.049549 -0.460004 0.741645 -61.217303 -59.446524 -160.742556
-0.039332 -0.461326 0.742783 -59.792869 -58.834148 -159.622083
0.359693 -0.486414 0.781220 -46.317910 -45.950494 -149.711510
0.372488 -0.491381 0.783347 -45.589431 -45.252682 -149.238229
0.385930 -0.497251 0.785436 -44.851575 -44.773314 -148.885406
0.398948 -0.497580 0.785546 -44.298606 -44.526006 -148.696545
0.410865 -0.500485 0.784728 -43.602988 -44.062558 -148.167153
0.421943 -0.504342 0.784498 -43.017627 -43.525243 -147.695564
0.434712 -0.507180 0.784766 -42.431663 -43.015063 -147.373682
0.445548 -0.510199 0.783387 -41.762783 -42.442598 -146.966399
0.457130 -0.512477 0.783219 -41.026288 -41.857454 -146.581178
0.471255 -0.513300 0.791487 -40.609159 -41.099984 -146.466883
0.482280 -0.514368 0.791411 -39.886083 -40.528125 -146.035793
0.492380 -0.517571 0.791457 -38.996138 -39.778097 -145.381908
0.502081 -0.520441 0.793036 -37.993613 -39.000713 -144.767816
0.510655 -0.525206 0.793299 -36.947063 -38.246818 -144.066071
0.519609 -0.529582 0.791951 -35.931176 -37.492066 -143.336288
0.528153 -0.534121 0.791979 -34.899359 -36.608684 -142.641142
0.536294 -0.539784 0.792816 -33.994589 -35.678579 -142.039478
0.543873 -0.544830 0.793245 -33.108888 -34.780149 -141.471634
0.553063 -0.548375 0.794321 -32.363460 -34.069585 -141.025339
0.561413 -0.552945 0.794455 -31.554276 -33.343651 -140.326968
0.569143 -0.561345 0.794947 -30.571128 -32.487364 -139.576729
0.577626 -0.568866 0.794723 -29.617400 -31.774628 -139.098141
0.587225 -0.575298 0.792636 -28.772488 -31.018062 -138.630850
0.596016 -0.581472 0.792171 -28.083816 -29.968084 -138.277129
0.604208 -0.588275 0.794342 -27.475681 -28.911529 -138.025283
0.611784 -0.594381 0.796690 -26.759073 -28.101014 -137.838265
0.621185 -0.598595 0.797514 -26.118533 -27.556325 -137.567295
0.629883 -0.604835 0.797837 -25.380722 -26.785787 -137.130677
0.637346 -0.612425 0.799006 -24.515401 -25.942595 -136.716206
0.645556 -0.618640 0.799877 -23.845888 -25.332765 -136.440598
0.654668 -0.624506 0.798388 -23.356111 -24.759175 -136.004224
0.663680 -0.629942 0.797558 -22.803460 -23.973238 -135.579007
0.672945 -0.636170 0.798204 -22.166690 -23.187576 -135.264004
0.682413 -0.640461 0.798189 -21.581450 -22.559537 -135.078678
0.691916 -0.644906 0.798494 -20.991217 -21.832660 -134.727915
0.701655 -0.650968 0.798482 -20.444795 -21.097302 -134.365841
0.708698 -0.655519 0.800295 -20.282595 -20.278544 -134.165832
0.717554 -0.660474 0.800596 -19.965002 -19.530972 -133.741301
0.727269 -0.666650 0.800174 -19.443527 -18.857621 -133.364325
0.736952 -0.672274 0.799563 -18.838363 -18.245715 -133.093611
0.748615 -0.676098 0.800428 -18.266535 -17.646031 -132.953581
0.759032 -0.681249 0.801813 -17.819672 -16.986427 -132.759553
0.770029 -0.687124 0.802384 -17.443704 -16.350751 -132.505351
0.781143 -0.691991 0.802762 -16.952150 -15.718593 -132.298992
0.791785 -0.697381 0.803626 -16.292543 -15.081213 -132.113627
0.801500 -0.703570 0.804964 -15.512281 -14.445507 -131.926477
0.812900 -0.709041 0.804686 -14.714488 -13.937328 -131.729101
0.822814 -0.715533 0.804566 -14.008301 -13.333499 -131.446120
0.833533 -0.723147 0.802879 -13.351554 -12.726887 -131.136050
0.844966 -0.731725 0.800203 -12.768659 -12.066526 -130.888320
0.854253 -0.739054 0.800199 -12.213132 -11.249290 -130.811130
0.862526 -0.747956 0.799659 -11.394560 -10.449499 -130.681884
0.871619 -0.756769 0.797938 -10.510198 -9.803701 -130.602205
0.882250 -0.764622 0.797140 -9.770472 -9.220404 -130.635933
0.891741 -0.772652 0.797480 -9.204084 -8.551540 -130.661973
0.901344 -0.781154 0.797406 -8.673479 -7.818819 -130.685065
0.911347 -0.789164 0.797591 -8.123965 -6.970767 -130.677668
0.918097 -0.798776 0.796253 -7.331275 -5.921109 -130.570319
0.924625 -0.806342 0.797290 -6.387194 -4.995749 -130.737839
0.933144 -0.813791 0.797617 -5.478876 -4.193367 -130.751919
0.940472 -0.821876 0.798848 -4.651923 -3.315010 -130.719920
0.945446 -0.829063 0.800604 -3.839525 -2.381720 -130.690469
0.950586 -0.837248 0.799617 -2.975645 -1.545733 -130.473411
0.955674 -0.843847 0.800934 -2.202195 -0.733346 -130.425548
0.961004 -0.851761 0.800922 -1.506362 0.077751 -130.184233
0.964711 -0.860836 0.799118 -0.806553 0.972811 -129.943391
0.970606 -0.868706 0.797360 -0.206608 1.760300 -129.872477
0.974587 -0.876942 0.796049 0.339145 2.812823 -129.883241
0.975805 -0.884152 0.796186 0.852134 3.928033 -129.942248
0.977340 -0.893774 0.793487 1.509205 4.835357 -129.856207
0.980151 -0.901652 0.792128 2.211791 5.658218 -129.991097
0.982528 -0.910987 0.789431 2.801979 6.560644 -130.071846
0.984637 -0.918986 0.786585 3.381845 7.483507 -130.295492
0.985063 -0.927558 0.783828 4.095740 8.502406 -130.525640
0.983964 -0.935424 0.781459 4.838323 9.495890 -130.912417
0.983156 -0.943184 0.779240 5.533874 10.315812 -131.315362
0.981116 -0.950127 0.777959 6.260015 11.018843 -131.732753
0.980905 -0.957026 0.776167 6.870821 11.445995 -132.038532
0.982404 -0.964455 0.773496 7.347516 11.826657 -132.278386
0.981095 -0.970769 0.771501 7.826022 12.399320 -132.582187
0.978928 -0.975916 0.770082 8.295065 12.823768 -132.934579
0.979656 -0.981017 0.768638 8.761145 13.028534 -133.219005
0.980540 -0.985432 0.767547 9.213340 13.344293 -133.441016
0.979190 -0.990131 0.765555 9.661179 13.753368 -133.623044
0.978337 -0.993641 0.764230 10.060980 13.971895 -133.898216
0.980630 -0.996679 0.763150 10.330962 14.040904 -134.109821
0.981919 -0.999187 0.761226 10.503102 14.293612 -134.298425
0.984148 -0.997677 0.762560 10.704841 14.548829 -134.718122
0.986123 -0.996766 0.763088 10.951695 14.894299 -134.794958
0.987394 -0.993962 0.764809 11.346264 15.265018 -134.912106
0.990121 -0.990794 0.767269 11.659889 15.496830 -134.845425
0.992590 -0.988304 0.768408 11.962269 15.737179 -134.652015
0.996522 -0.983482 0.771107 12.257698 15.892654 -134.613713
1.001293 -0.979122 0.772964 12.456560 16.114088 -134.444089
1.006359 -0.973168 0.776524 12.621121 16.387280 -134.344110
1.009060 -0.968305 0.778488 12.618192 16.766288 -134.052730
1.013086 -0.962633 0.780663 12.722909 17.030725 -133.810673
1.016364 -0.956216 0.781924 12.890906 17.293134 -133.668934
1.021853 -0.949596 0.783321 12.897483 17.383518 -133.535547
1.026748 -0.942454 0.783971 12.729466 17.586574 -133.353837
1.029752 -0.933876 0.786039 12.670521 17.806536 -133.225531
1.034696 -0.925023 0.786774 12.615940 17.754514 -132.956422
1.041434 -0.917740 0.785569 12.543873 17.707240 -132.631435
1.046346 -0.908204 0.785674 12.557887 17.866628 -132.551744
1.051122 -0.899632 0.785080 12.545611 17.936973 -132.443715
1.057866 -0.890681 0.784871 12.580327 17.902266 -132.464074
1.063271 -0.880820 0.785356 12.662337 17.988204 -132.514489
1.067804 -0.870829 0.786646 12.826271 18.022053 -132.523265
1.073034 -0.859551 0.788042 13.001558 17.918280 -132.503700
1.079132 -0.848476 0.788335 13.060152 17.768510 -132.431956
1.087141 -0.838093 0.787500 12.992747 17.596157 -132.430863
1.092174 -0.826183 0.787479 12.907181 17.664860 -132.460695
1.099266 -0.816192 0.785843 12.895652 17.526976 -132.475074
1.107116 -0.805432 0.785857 13.035584 17.508496 -132.695335
1.112772 -0.793890 0.787303 13.293234 17.649053 -132.997327
1.117039 -0.782028 0.789343 13.412643 17.722100 -133.222950
1.123341 -0.769148 0.792437 13.318177 17.619718 -133.388836
1.128865 -0.756463 0.795891 13.208044 17.573631 -133.412168
1.152439 -0.709678 0.801989 13.040585 17.404021 -132.479625
1.157741 -0.698797 0.802896 12.807797 17.518126 -132.324089
1.164159 -0.687962 0.803864 12.755110 17.612113 -132.230708
1.171753 -0.675241 0.805338 12.866083 17.782571 -132.177485
1.176885 -0.662312 0.807992 12.977870 18.069337 -132.127866
1.182497 -0.649359 0.809233 13.101242 18.204003 -131.986076
1.189604 -0.635662 0.812308 13.067942 18.279178 -131.910327
1.356858 -0.274076 0.838698 12.352939 22.703381 -129.044709
1.360561 -0.263775 0.836972 12.549825 22.377800 -128.887390
1.368617 -0.254778 0.835427 12.516253 21.884713 -128.895802
1.375681 -0.244291 0.836607 12.335691 21.747840 -129.107423
1.377174 -0.232236 0.836489 12.199326 21.821392 -129.164554
1.381733 -0.220592 0.837198 12.251263 21.465547 -129.171784
1.389224 -0.212652 0.836277 12.208910 21.062838 -129.007889
1.394205 -0.204837 0.835714 12.227225 20.973673 -129.056870
1.396055 -0.196167 0.833420 12.230323 20.890839 -129.222146
1.402436 -0.186731 0.833708 12.164790 20.539644 -129.514024
1.405320 -0.176632 0.833909 11.892014 20.438563 -129.655832
1.407182 -0.166834 0.832891 11.552358 20.204762 -129.586649
1.412391 -0.157407 0.833334 11.118217 19.790162 -129.394199
1.414825 -0.150427 0.830708 10.576523 19.633849 -128.981410
1.417593 -0.143285 0.828702 10.093945 19.422610 -128.739768
1.419870 -0.138204 0.825121 9.769273 19.301168 -128.533903
1.421361 -0.132218 0.822528 9.751785 19.249969 -128.578838
1.422027 -0.126294 0.820715 9.813193 19.192471 -128.628640
1.422783 -0.121978 0.817550 9.840322 19.015844 -128.580763
1.425082 -0.118342 0.815377 9.849384 18.797845 -128.622837
1.425958 -0.115513 0.814167 9.827654 18.735690 -128.666707
1.425379 -0.112938 0.812560 9.765073 18.667023 -128.684482
1.426507 -0.111467 0.810975 9.611055 18.487564 -128.677448
1.427155 -0.110154 0.809948 9.478236 18.418246 -128.721364
1.426628 -0.108917 0.809036 9.403474 18.399503 -128.745499
1.426344 -0.108327 0.808266 9.463547 18.348162 -128.752772
1.426248 -0.108209 0.807811 9.569871 18.299308 -128.761148
1.425981 -0.108207 0.807570 9.582886 18.263501 -128.753192
1.425870 -0.108537 0.807595 9.476166 18.221041 -128.717025
1.425069 -0.109454 0.807526 9.391622 18.246111 -128.625743
1.423872 -0.111158 0.806511 9.458319 18.258767 -128.548945
1.424365 -0.112302 0.807343 9.520433 18.172837 -128.585631
1.424217 -0.115306 0.807655 9.534217 18.248629 -128.499581
1.421327 -0.117585 0.807777 9.655091 18.414483 -128.520472
1.421343 -0.120202 0.808650 9.737037 18.302714 -128.563200
1.420962 -0.124282 0.808907 9.730569 18.331972 -128.515542
1.419292 -0.126892 0.809598 9.728033 18.394564 -128.605596
1.419622 -0.130438 0.810116 9.641814 18.351850 -128.602318
1.418599 -0.134179 0.810632 9.569832 18.448775 -128.618517
1.418165 -0.137703 0.810682 9.486271 18.502308 -128.632336
1.418146 -0.140831 0.811584 9.507640 18.598081 -128.701464
1.417355 -0.144156 0.812319 9.548456 18.753696 -128.703765
1.417180 -0.147720 0.812730 9.574983 18.860960 -128.708017
1.416254 -0.150180 0.813463 9.568586 19.065247 -128.744424
1.414557 -0.153463 0.813681 9.602069 19.241939 -128.706296
1.414011 -0.156311 0.814395 9.665044 19.303791 -128.712265
1.414420 -0.159333 0.815267 9.651933 19.411051 -128.661591
1.411484 -0.162531 0.815411 9.718487 19.697986 -128.595371
1.410270 -0.165882 0.815674 9.852092 19.736947 -128.557015
1.410576 -0.169645 0.815364 9.927085 19.797896 -128.525403
1.408114 -0.172994 0.816205 9.995818 20.059546 -128.574512
1.404965 -0.176347 0.816300 10.097206 20.185975 -128.563463
1.403776 -0.179748 0.816947 10.268951 20.169455 -128.580796
1.401996 -0.183790 0.817252 10.357827 20.239507 -128.557008
1.399656 -0.187175 0.817541 10.347487 20.317532 -128.559599
1.397675 -0.191026 0.817608 10.307409 20.392969 -128.488048
1.394878 -0.195200 0.818039 10.418455 20.485279 -128.428145
1.392800 -0.200086 0.817341 10.511937 20.487282 -128.313463
1.392733 -0.205543 0.816442 10.475503 20.474675 -128.225871
1.389868 -0.210677 0.815355 10.432195 20.702248 -128.218461
1.387908 -0.216016 0.815020 10.482462 20.795596 -128.258721
1.386095 -0.221374 0.815214 10.587842 20.900707 -128.309770
1.383655 -0.226490 0.815505 10.670752 21.033938 -128.320378
1.381719 -0.232699 0.815090 10.727449 21.081542 -128.247147
1.380115 -0.239507 0.814468 10.710965 21.142344 -128.190625
1.379222 -0.246387 0.813920 10.643005 21.239199 -128.218031
1.377522 -0.252674 0.813991 10.619775 21.460252 -128.329946
1.374805 -0.257505 0.815495 10.758638 21.705220 -128.489217
1.372645 -0.263214 0.816335 10.941789 21.857404 -128.478054
1.371144 -0.268622 0.817579 11.106257 21.970003 -128.477750
1.368711 -0.274366 0.818279 11.117049 22.158204 -128.384203
1.365741 -0.280192 0.818744 11.082031 22.303803 -128.323638
1.362773 -0.286222 0.819628 11.005434 22.417426 -128.332035
1.359042 -0.291734 0.822320 10.806098 22.515922 -128.387546
1.355190 -0.297677 0.826179 10.500066 22.551396 -128.405123
1.348091 -0.304635 0.829524 10.304468 22.663077 -128.315057
1.341232 -0.312663 0.832904 10.270256 22.460337 -128.367323
1.336572 -0.320856 0.839207 10.306866 22.084197 -128.639257
1.330645 -0.329854 0.844313 10.263255 21.804356 -128.926191
1.327188 -0.337811 0.852196 9.915150 21.462305 -129.376181
1.321080 -0.346128 0.859330 9.481771 21.416713 -129.816795
1.311782 -0.353546 0.866142 9.384421 21.401748 -130.312697
1.306333 -0.361578 0.874659 9.565155 20.968288 -130.925014
1.298687 -0.369293 0.883568 9.897223 20.730676 -131.651795
1.287655 -0.370469 0.894795 10.117549 20.347757 -132.615391
1.283583 -0.374075 0.908772 9.844557 19.480576 -133.099861
1.276114 -0.380268 0.918354 9.525408 18.996232 -133.352998
1.262715 -0.383172 0.927181 9.386575 18.540708 -133.783979
1.250579 -0.385280 0.940532 9.123288 17.428169 -134.447553
1.239960 -0.388811 0.949611 8.563667 16.105123 -134.752405
1.231968 -0.391121 0.959493 7.880296 14.644948 -135.263499
1.221942 -0.391539 0.970616 6.898204 13.241586 -135.788023
1.210605 -0.391884 0.980993 5.613125 11.754626 -136.278300
1.201145 -0.389614 0.991406 4.315213 10.243660 -136.680705
1.188548 -0.389126 1.000818 3.009586 8.792157 -137.014293
1.173458 -0.378503 1.012159 1.722043 7.257960 -137.597288
1.159575 -0.372597 1.022329 0.140125 5.446829 -137.408033
1.146537 -0.366588 1.028199 -1.475988 3.532769 -137.212427
1.132901 -0.358142 1.035449 -3.053084 1.622084 -136.938622
1.118723 -0.352506 1.034599 -4.827739 -0.200455 -136.438126
1.108427 -0.341452 1.041008 -6.604739 -2.146171 -136.325527
1.097644 -0.335351 1.046621 -8.402669 -4.106983 -135.781686
1.078361 -0.322233 1.055002 -10.177940 -5.889312 -135.644137
1.046091 -0.302828 1.060324 -12.444585 -7.567789 -135.253262
1.030278 -0.284076 1.066055 -14.378788 -10.250128 -134.596486
1.016950 -0.265240 1.072827 -16.066639 -12.954664 -133.626164
1.010397 -0.253584 1.072248 -16.807375 -15.980403 -131.764631
1.000304 -0.242354 1.073357 -16.832789 -18.209758 -129.996636
0.996502 -0.242196 1.053897 -16.420842 -20.537564 -126.346317
1.036342 -0.210022 1.063124 -18.217502 -24.868276 -123.517965
1.038893 -0.206227 1.058405 -17.274631 -26.954937 -120.270349
1.026717 -0.198107 1.060453 -16.498743 -28.158148 -117.312869
1.019037 -0.191487 1.059556 -15.126880 -28.942962 -113.937521
1.007820 -0.186344 1.076091 -13.545296 -28.412013 -112.900064
0.994570 -0.183973 1.083124 -11.623975 -27.445118 -110.620698
0.974855 -0.183128 1.096004 -9.997545 -25.943214 -109.433627
0.955145 -0.184464 1.113140 -8.988791 -24.488667 -108.728884
0.936328 -0.182967 1.122557 -8.314756 -23.354259 -107.325483
0.918692 -0.178312 1.130071 -7.989572 -22.133467 -106.227684
0.902081 -0.175492 1.136287 -7.448112 -21.108834 -105.125049
0.883143 -0.162619 1.138397 -6.771951 -19.997908 -103.920231
0.865085 -0.160466 1.143506 -5.168362 -18.897662 -103.039451
0.846374 -0.157095 1.148527 -3.400130 -17.926194 -102.627566
0.824992 -0.152394 1.153254 -2.110320 -17.073432 -102.498166
