x y z roll pitch yaw
1.490600 -1.168100 0.661000 -5.080960 -8.314569 -128.458411
1.488711 -1.177807 0.664195 -4.986891 -7.799765 -128.909823
1.488711 -1.177807 0.664195 -4.986891 -7.799765 -128.909823
1.490061 -1.184868 0.662532 -4.947490 -7.442561 -129.986374
1.490061 -1.184868 0.662532 -4.947490 -7.442561 -129.986374
1.489797 -1.190756 0.663215 -4.999271 -6.782627 -130.927776
1.490374 -1.185435 0.662206 -4.746619 -6.499401 -131.283301
1.490223 -1.190941 0.663150 -4.076837 -6.135277 -131.611405
1.490429 -1.194010 0.664709 -3.521919 -5.745104 -131.854493
1.490870 -1.196463 0.666297 -3.208571 -5.531093 -132.090484
1.490619 -1.200051 0.668027 -2.876711 -5.247324 -132.271403
1.490619 -1.200051 0.668027 -2.876711 -5.247324 -132.271403
1.490685 -1.199346 0.668225 -2.613164 -5.026982 -132.486266
1.490698 -1.198840 0.668043 -2.580103 -5.023043 -132.641871
1.490925 -1.197431 0.667481 -2.389744 -5.006143 -132.632535
1.491669 -1.195625 0.669270 -2.271878 -5.074823 -132.818335
1.490524 -1.200513 0.671269 -1.845712 -5.151094 -132.593668
1.489531 -1.196665 0.670144 -1.695645 -5.272201 -132.435805
1.489447 -1.196321 0.665301 -1.822500 -5.347261 -131.890007
1.489447 -1.196321 0.665301 -1.822500 -5.347261 -131.890007
1.491806 -1.191263 0.662937 -2.245482 -5.233513 -131.626327
1.490891 -1.185160 0.662402 -2.238919 -5.194445 -131.668636
1.489018 -1.194385 0.665032 -2.266736 -5.227502 -131.413507
1.489779 -1.187131 0.662640 -2.303221 -5.157354 -131.113347
1.489779 -1.187131 0.662640 -2.303221 -5.157354 -131.113347
1.489017 -1.175532 0.659690 -2.291257 -5.219660 -130.779557
1.489059 -1.166559 0.656101 -2.168721 -5.402766 -130.609186
1.490231 -1.156615 0.653757 -2.266865 -5.639741 -130.377425
1.491630 -1.142396 0.651949 -2.544935 -5.919512 -130.077908
1.492259 -1.131761 0.648894 -2.753940 -6.233130 -129.765155
1.492305 -1.121155 0.652553 -3.025840 -6.372116 -129.971234
1.497306 -1.106598 0.656520 -2.865509 -6.548977 -130.124283
1.496037 -1.118322 0.659744 -2.786185 -6.485035 -129.828804
1.497997 -1.106548 0.660829 -2.833608 -6.468745 -129.932746
1.504165 -1.092059 0.657790 -2.378693 -6.428574 -129.677983
1.508757 -1.080502 0.656604 -1.957386 -6.402288 -129.522533
1.509598 -1.068198 0.658086 -1.793839 -6.280661 -129.752006
1.509443 -1.052096 0.653802 -1.475945 -6.128134 -129.487138
1.513679 -1.040190 0.653392 -1.503720 -6.243147 -129.446498
1.515577 -1.028341 0.650366 -1.463260 -6.028342 -129.223126
1.517674 -1.011913 0.647430 -1.395957 -5.626275 -129.027763
1.520610 -0.999666 0.648121 -1.503641 -5.605444 -129.086276
1.522270 -0.987505 0.647616 -1.570492 -5.590331 -128.895379
1.522042 -0.971573 0.643088 -1.843901 -5.557664 -128.387212
1.523900 -0.973863 0.630272 -2.232749 -5.704357 -126.373079
1.523741 -0.961427 0.627181 -2.108008 -5.744511 -125.869409
1.529497 -0.960963 0.610570 -2.844062 -6.108081 -123.475410
1.530627 -0.947521 0.611263 -2.768792 -5.911448 -123.064318
1.528061 -0.935416 0.617081 -2.717282 -5.557146 -123.039450
1.525732 -0.917218 0.618870 -2.809205 -5.416747 -122.770309
1.533175 -0.907180 0.624877 -2.797723 -5.897341 -122.867962
1.532876 -0.896352 0.633097 -3.047237 -5.572368 -123.016261
1.536062 -0.880136 0.641432 -2.929041 -5.658247 -123.242014
1.536536 -0.866903 0.637747 -2.716126 -5.597722 -122.769146
1.536278 -0.853267 0.638886 -2.711774 -5.614333 -122.521496
1.539176 -0.840009 0.651202 -2.798768 -5.786308 -123.079926
1.539280 -0.826016 0.649917 -3.009294 -5.743452 -122.723968
1.535535 -0.812881 0.653856 -2.851794 -5.413713 -122.613940
1.527158 -0.795828 0.655444 -2.566388 -5.016104 -122.663368
1.529463 -0.781047 0.653892 -2.796029 -5.065150 -122.493496
1.531075 -0.766594 0.654000 -3.164760 -4.729515 -122.433762
1.529281 -0.747551 0.658988 -2.901426 -4.270200 -122.702614
1.528121 -0.732767 0.656191 -2.632192 -4.007053 -122.464901
1.524512 -0.718207 0.659213 -1.981169 -3.659809 -122.388541
1.524466 -0.717508 0.638855 -0.903269 -3.698910 -120.656047
1.524604 -0.702134 0.638270 -0.140931 -3.729345 -120.344903
1.522425 -0.688438 0.635888 0.335923 -3.471621 -120.085437
1.517266 -0.672990 0.645512 0.576316 -3.043250 -120.559107
1.514010 -0.659271 0.647010 0.391899 -2.898878 -120.584693
1.517688 -0.645885 0.647192 0.319155 -3.253491 -120.607275
1.517852 -0.626804 0.651426 0.094884 -3.397190 -120.488923
1.512141 -0.613074 0.649364 -0.103672 -3.203519 -120.251468
1.509297 -0.613552 0.634234 0.290741 -3.067479 -118.084695
1.514208 -0.593910 0.635732 0.365274 -3.257881 -117.924104
1.514035 -0.579812 0.642645 0.172496 -3.192221 -118.086681
1.515917 -0.576455 0.626997 0.214322 -3.390496 -116.565316
1.516482 -0.554474 0.627738 0.039548 -3.562550 -116.507536
1.517865 -0.537715 0.627731 0.157219 -3.622913 -116.478735
1.517783 -0.520586 0.625778 0.181004 -3.557816 -116.249403
1.525534 -0.498848 0.627262 0.323075 -4.089962 -116.297080
1.526972 -0.481480 0.627959 0.479776 -4.283931 -116.249851
1.528233 -0.464532 0.625304 0.413064 -4.339366 -116.142440
1.532912 -0.443168 0.619964 0.255262 -4.183425 -115.985656
1.537370 -0.427468 0.618320 0.254858 -4.183263 -115.985885
1.538435 -0.410706 0.618376 0.505978 -4.157531 -116.087873
1.542680 -0.388901 0.622000 0.172350 -4.274297 -116.203271
1.543087 -0.386881 0.605912 -0.065434 -4.143065 -114.426915
1.544321 -0.371115 0.604788 -0.315684 -3.982335 -114.469609
1.549572 -0.349957 0.604438 -0.508654 -4.010195 -114.482996
1.550952 -0.335804 0.602645 -0.842715 -3.872698 -114.401929
1.550081 -0.318954 0.601609 -1.300822 -3.796923 -114.163541
1.547623 -0.299634 0.602878 -1.486865 -3.696405 -114.000380
1.549317 -0.294933 0.589153 -1.560473 -3.715919 -112.776011
1.549359 -0.292116 0.575718 -1.672725 -3.655982 -110.751373
1.553496 -0.276194 0.583994 -1.593877 -3.878449 -110.707797
1.554472 -0.264220 0.589103 -1.483876 -3.928427 -110.457899
1.556168 -0.251535 0.591685 -1.598779 -4.050018 -109.796615
1.557482 -0.237848 0.600928 -1.584036 -4.080172 -109.525200
1.553888 -0.227103 0.600538 -1.725382 -3.810390 -108.905460
1.555034 -0.220466 0.609028 -1.553264 -3.807860 -109.007332
1.550164 -0.215259 0.597892 -1.303845 -3.610614 -107.944797
1.550433 -0.207540 0.597052 -1.319962 -3.693604 -107.507213
1.549032 -0.201353 0.595423 -1.287797 -3.748355 -107.058902
1.548431 -0.208384 0.595698 -1.380570 -3.890150 -106.892183
1.547317 -0.205906 0.593225 -1.201604 -3.893492 -106.484717
1.546596 -0.208491 0.593306 -1.264750 -4.079843 -106.210115
1.546689 -0.206045 0.593410 -1.106925 -4.260824 -106.284067
1.547180 -0.207608 0.593492 -0.915566 -4.222455 -106.477103
1.547163 -0.210204 0.593190 -0.726148 -4.250950 -106.680885
1.546652 -0.207449 0.594550 -0.527542 -4.272118 -106.903367
1.546330 -0.210679 0.593980 -0.396228 -4.125986 -107.208559
1.547789 -0.214546 0.594757 -0.168392 -4.123893 -107.756049
1.547729 -0.220553 0.593171 0.178049 -3.956599 -108.039523
1.547729 -0.220553 0.593171 0.178049 -3.956599 -108.039523
1.549152 -0.225902 0.592829 0.437212 -3.401751 -108.683784
1.546151 -0.227564 0.600652 0.958315 -2.716972 -110.227578
1.546137 -0.223846 0.594929 0.897896 -2.314128 -110.893276
1.544356 -0.235619 0.597443 0.915750 -1.792740 -111.230889
1.543484 -0.244307 0.598807 1.041256 -1.189523 -111.557664
1.544461 -0.250686 0.593093 1.240038 -0.684440 -111.290351
1.548232 -0.263310 0.592114 1.425721 -0.034664 -111.552614
1.545206 -0.273041 0.592923 1.699300 1.046193 -111.663926
1.542662 -0.283025 0.594375 2.593044 1.855167 -111.861013
1.543013 -0.297395 0.595607 3.810491 2.504763 -112.030146
1.540973 -0.307766 0.598175 4.645816 3.361088 -112.214657
1.538812 -0.318893 0.597563 5.157734 4.115360 -112.224893
1.535685 -0.333209 0.595764 5.734081 4.581729 -112.351780
1.539697 -0.339933 0.604610 5.828334 4.682436 -113.178820
1.538845 -0.350596 0.602208 6.200276 5.283202 -113.168850
1.534202 -0.364566 0.603749 6.505851 6.003967 -113.230190
1.531851 -0.369318 0.613375 7.406752 6.530759 -114.192211
1.534418 -0.370705 0.624679 7.890222 6.801438 -115.843924
1.533438 -0.386639 0.621370 8.823478 7.417198 -116.210730
1.533232 -0.398458 0.622333 9.396366 7.883849 -116.710406
1.530187 -0.410746 0.622771 9.751988 8.450724 -117.165395
1.526321 -0.426297 0.622193 9.891630 9.001226 -117.498825
1.526631 -0.437728 0.624572 10.315103 9.115839 -117.923216
1.527415 -0.449118 0.624571 10.732644 9.254661 -118.168063
1.521288 -0.462330 0.621402 11.129296 9.852296 -118.488892
1.519758 -0.472358 0.617081 11.810283 10.184818 -118.374403
1.516464 -0.481780 0.614416 11.866038 10.502941 -118.526840
1.520485 -0.494744 0.618155 11.858446 10.388940 -118.831634
1.521514 -0.505272 0.619044 11.957411 10.408903 -118.961244
1.522261 -0.515214 0.621784 11.874935 10.648282 -119.195690
1.519940 -0.519084 0.634463 11.762062 11.198183 -120.186523
1.519205 -0.529856 0.633570 11.877967 11.590430 -120.072304
1.521377 -0.539663 0.635119 12.090210 11.728988 -120.054307
1.517272 -0.554810 0.633243 11.964876 12.144583 -120.013723
1.513557 -0.556383 0.644126 12.275715 12.697851 -121.286563
1.510869 -0.560756 0.655419 12.550321 13.099059 -122.477868
1.515029 -0.575527 0.648778 12.544034 12.979953 -122.088056
1.516428 -0.587961 0.648408 12.433339 13.030788 -122.042205
1.510865 -0.599157 0.650001 12.145686 13.574932 -122.008123
1.511161 -0.614879 0.642318 12.024440 13.753759 -121.457453
1.513317 -0.628722 0.639941 11.929437 13.985522 -121.472885
1.513689 -0.641793 0.642927 12.422634 14.589249 -121.977530
1.514479 -0.659060 0.641740 13.319430 15.209020 -122.330314
1.513236 -0.671901 0.641616 13.998381 15.832780 -122.782024
1.517202 -0.683947 0.642427 14.849287 16.155933 -123.273656
1.519364 -0.695925 0.643499 15.485628 16.857764 -123.940992
1.519286 -0.693905 0.658894 16.305741 17.748954 -126.215953
1.519905 -0.704508 0.661350 17.446118 18.728580 -127.247488
1.516572 -0.710864 0.668083 18.628983 19.984170 -128.600354
1.511223 -0.720805 0.672716 19.891856 21.266240 -129.457219
1.511457 -0.727193 0.675868 21.437634 22.267205 -130.191610
1.515107 -0.731972 0.679507 22.632112 22.719110 -130.941990
1.518024 -0.739972 0.681357 24.034990 23.675983 -131.439248
1.517469 -0.744904 0.683320 25.881747 25.024618 -132.323549
1.514974 -0.749398 0.685536 27.936301 26.520167 -133.350834
1.516209 -0.742924 0.683414 29.739896 27.952960 -134.128612
1.516640 -0.747368 0.685685 31.381112 29.271099 -135.067064
1.513674 -0.750197 0.689854 33.527966 30.903752 -136.333454
1.509199 -0.753474 0.695261 35.981437 32.271938 -137.345238
1.508458 -0.758467 0.695867 38.848312 33.137610 -138.114377
1.507997 -0.762463 0.699448 41.242045 34.006130 -139.248205
1.512463 -0.755926 0.697677 43.101703 35.099829 -140.047208
1.514940 -0.750387 0.696444 44.341960 36.088711 -140.766896
1.513151 -0.755334 0.700846 45.775999 36.788594 -141.908976
1.508861 -0.761547 0.707035 47.527205 37.335083 -143.247415
1.508861 -0.761547 0.707035 47.527205 37.335083 -143.247415
1.505352 -0.768092 0.709098 50.178251 38.501125 -145.506943
1.502028 -0.777510 0.711128 51.583700 38.882622 -146.299448
1.501437 -0.785418 0.710669 52.811718 39.183604 -147.239439
1.501799 -0.793084 0.712649 53.963332 39.477040 -148.313314
1.497470 -0.800575 0.718698 55.342792 39.954188 -149.436506
1.493838 -0.807868 0.718720 56.282641 40.474479 -149.841610
1.490540 -0.818039 0.714220 56.763046 41.135905 -149.724039
1.495634 -0.810855 0.713364 58.435548 41.557198 -151.029762
1.495637 -0.818982 0.717364 59.662781 41.435963 -151.910344
1.495760 -0.828088 0.717140 60.341469 41.488539 -151.736596
1.490530 -0.825015 0.728155 62.219586 41.728779 -153.844483
1.484455 -0.832658 0.725373 63.069666 42.480926 -154.349056
1.475762 -0.834961 0.729306 64.814716 43.277522 -155.626021
1.471899 -0.839391 0.742319 66.376707 43.257764 -157.102108
1.464185 -0.844510 0.748924 68.137834 43.424036 -158.488047
1.460077 -0.852169 0.756794 69.479460 43.170673 -159.729554
1.448984 -0.854616 0.768449 71.327753 43.121793 -161.516782
1.441561 -0.864291 0.772068 72.634779 42.903371 -162.514500
1.436486 -0.874067 0.778095 73.980487 42.473982 -163.455063
1.422920 -0.883647 0.779504 75.042458 42.610206 -164.216041
1.416686 -0.891420 0.788182 75.877334 42.217982 -164.861437
1.408384 -0.898732 0.795184 76.452742 41.956580 -165.417280
1.398446 -0.896599 0.809108 77.609640 41.499120 -166.775865
1.386700 -0.896238 0.814836 78.865376 41.320780 -168.158716
1.381604 -0.896193 0.826537 80.412028 40.434575 -169.771422
1.366778 -0.898828 0.833726 81.748000 40.045790 -171.045468
1.359603 -0.906270 0.840213 82.841027 39.604524 -171.773648
1.354157 -0.910397 0.849840 83.900054 38.963809 -172.879884
1.343946 -0.922936 0.850377 84.588743 39.004170 -173.222395
1.337473 -0.925793 0.859229 86.026570 38.625947 -174.357387
1.324881 -0.924685 0.869031 87.748613 38.412070 -175.570707
1.321125 -0.935650 0.871220 88.132950 38.108879 -174.478333
1.315257 -0.934113 0.882729 89.812462 37.507199 -175.857820
1.306066 -0.932699 0.891453 90.878035 37.491584 -177.108407
1.297844 -0.944289 0.901919 91.631058 37.128262 -177.469746
1.288355 -0.944140 0.911131 93.110507 36.837477 -178.565433
1.273221 -0.940904 0.920283 94.586672 36.630594 -179.613743
1.264623 -0.938831 0.930770 95.811893 36.184576 179.303205
1.260517 -0.937653 0.944215 96.761421 35.351024 178.466363
1.242963 -0.931187 0.948872 97.707062 35.150164 177.345860
1.241629 -0.940961 0.960109 98.314427 34.047610 177.399529
1.230993 -0.940850 0.971185 99.672043 33.044976 176.952442
1.234714 -0.937335 0.991331 100.605600 31.149627 176.312326
1.225783 -0.943126 1.002262 101.065188 30.216420 175.977780
1.224065 -0.937737 1.015945 102.039065 28.798395 175.506190
1.227427 -0.940397 1.035329 102.300046 27.171301 175.622105
1.220437 -0.934835 1.045893 102.790073 26.489657 175.100345
1.212561 -0.931230 1.056248 102.996628 25.983699 175.045129
1.201096 -0.926194 1.066955 103.053736 25.564940 174.906141
1.200819 -0.927207 1.079273 102.940437 24.431158 174.949188
1.208792 -0.928679 1.071797 102.887313 23.860818 174.769040
1.207552 -0.930298 1.085397 102.883401 22.952347 174.637002
1.204418 -0.923460 1.090975 103.477635 22.326498 173.776926
1.200461 -0.925389 1.098192 103.601710 21.919568 173.845071
1.201453 -0.933333 1.104894 103.159264 21.283078 174.483253
1.199984 -0.938155 1.109914 103.044494 20.907465 174.811595
1.199670 -0.933866 1.114801 103.403632 20.442316 174.189120
1.194689 -0.932223 1.121365 103.609250 20.253520 173.858159
1.191588 -0.929342 1.125760 103.851900 19.970346 173.520874
1.191588 -0.929342 1.125760 103.851900 19.970346 173.520874
1.185495 -0.930862 1.129099 104.121645 19.915703 173.441901
1.183399 -0.933814 1.133248 103.947724 19.635716 173.761950
1.182077 -0.933812 1.138179 104.010035 19.441827 173.804185
1.181796 -0.939080 1.142340 103.505477 19.082606 174.457687
1.186082 -0.940284 1.140446 103.491098 18.989579 174.288639
1.184054 -0.944934 1.142039 103.248936 18.764707 174.713762
1.186220 -0.947847 1.136277 103.295450 18.622090 174.394422
1.182930 -0.946479 1.139933 103.646432 18.520892 174.269941
1.179486 -0.945425 1.143556 103.940650 18.406261 174.235210
1.179027 -0.950739 1.147641 103.594826 18.196165 174.649583
1.177770 -0.954521 1.150924 103.094457 17.863794 175.301460
1.174709 -0.953865 1.154740 102.794036 17.509602 175.277155
1.175284 -0.956497 1.149038 102.627218 17.112096 175.028159
1.173427 -0.958212 1.152393 102.667296 16.906752 175.078498
1.174030 -0.962112 1.153527 102.390294 16.475115 175.921751
1.172669 -0.959754 1.157530 102.558548 16.163237 175.697017
1.173867 -0.960298 1.154816 102.597552 15.911084 175.528628
1.172300 -0.959050 1.157515 102.777153 15.636373 175.267987
1.172836 -0.958413 1.155736 102.901568 15.458753 175.003210
1.172799 -0.958689 1.157056 102.914730 15.229127 174.731770
1.173293 -0.959413 1.156090 102.922008 15.118585 174.621037
1.173293 -0.959413 1.156090 102.922008 15.118585 174.621037
1.173293 -0.959413 1.156090 102.922008 15.118585 174.621037
1.172651 -0.957937 1.157487 103.588934 14.950006 173.953146
1.172483 -0.959399 1.155728 103.548442 15.129675 173.896092
1.172904 -0.958126 1.153028 103.731277 15.338230 173.521798
1.174653 -0.958832 1.148665 103.937814 15.497315 173.366015
1.175684 -0.959576 1.144755 103.983085 15.797563 173.175386
1.176474 -0.962663 1.141468 104.285224 16.088236 173.026098
1.177588 -0.966030 1.135758 104.369874 16.506992 172.860348
1.179507 -0.966140 1.130642 104.621226 16.795136 172.609034
1.179507 -0.966140 1.130642 104.621226 16.795136 172.609034
1.183820 -0.967513 1.124655 105.412778 17.255138 172.010699
1.185585 -0.969542 1.119670 105.685973 17.607884 171.704059
1.181803 -0.967966 1.124009 106.014971 17.869912 171.371398
1.185486 -0.972532 1.118981 106.328483 18.116537 171.134098
1.186339 -0.971714 1.113254 106.809947 18.601433 170.480056
1.187800 -0.972550 1.107446 107.163966 19.002499 169.897379
1.187454 -0.971926 1.099750 107.781818 19.478555 169.455480
1.190520 -0.973929 1.094955 108.208818 19.712033 169.117497
1.192269 -0.977990 1.091268 108.374376 19.917161 169.007770
1.194313 -0.983872 1.086356 108.795717 20.105419 168.813392
1.197003 -0.988693 1.085898 108.980227 20.010712 169.417134
1.199903 -0.990774 1.081544 109.384875 20.243513 169.253763
1.203959 -0.995523 1.077121 109.763226 20.438889 169.099597
1.200156 -0.993023 1.080587 110.044550 20.657105 168.818932
1.202750 -0.991625 1.075654 110.406134 20.957545 168.318450
1.205103 -0.996289 1.070030 110.826543 21.155866 168.153916
1.209044 -0.997940 1.065609 111.418242 21.058753 167.865606
1.213182 -0.999380 1.061258 111.959098 20.998564 167.588059
1.217871 -1.003019 1.054638 112.532427 20.993522 167.273379
1.221248 -1.005571 1.049466 113.010198 21.082617 167.066340
1.224875 -1.007370 1.043144 113.500883 21.175005 166.906062
1.230558 -1.010731 1.035557 114.110248 21.247122 166.695348
1.234252 -1.015163 1.030231 114.291661 21.464501 166.757285
1.230589 -1.009672 1.035357 114.629398 21.688248 166.849887
1.234247 -1.006157 1.025315 115.299875 22.071782 166.189496
1.238973 -1.009450 1.018987 115.729202 22.237811 166.033257
1.243757 -1.013846 1.012612 116.208366 22.396607 165.956937
1.249559 -1.018100 1.006756 116.647802 22.630019 165.889312
1.258114 -1.027413 1.006926 117.037384 22.419294 166.193119
1.262600 -1.023365 1.000145 117.983455 22.524017 165.050919
1.267000 -1.032795 0.993804 118.260805 22.624031 164.899487
1.270842 -1.036439 0.987059 118.935351 22.638211 164.358208
1.275007 -1.040235 0.981050 119.844785 22.493820 163.940326
1.279592 -1.049290 0.977290 120.648863 22.297597 163.786159
1.279580 -1.047835 0.969236 121.508662 22.347543 162.851493
1.280675 -1.051906 0.962458 121.928094 22.308761 162.316231
1.283214 -1.059901 0.955273 122.517612 22.084659 161.898737
1.284900 -1.061769 0.947686 123.264148 21.850636 161.064204
1.287124 -1.068786 0.943910 124.087870 21.531423 160.669842
1.291114 -1.077485 0.937866 124.685414 21.177416 160.170338
1.295826 -1.084114 0.934382 125.421577 20.874945 159.732010
1.299651 -1.090447 0.930547 125.976719 20.793063 159.315432
1.297992 -1.102121 0.931397 125.727091 21.446725 160.683997
1.302944 -1.106508 0.924863 126.212190 21.422115 159.885470
1.307389 -1.103770 0.918029 127.528117 21.359317 158.339338
1.313970 -1.099159 0.908857 128.982815 21.181029 156.512256
1.316820 -1.100163 0.900430 130.274490 21.360141 155.130960
1.321804 -1.102410 0.893612 131.174712 21.239490 154.046726
1.323898 -1.112731 0.890946 131.672357 21.174764 153.698638
1.325244 -1.113336 0.883050 132.562753 21.153461 152.478088
1.329962 -1.117004 0.878298 133.225445 20.895949 151.569774
1.335430 -1.122103 0.871082 133.864700 20.817585 150.697915
1.336586 -1.125327 0.867765 134.544161 20.892130 150.038955
1.339634 -1.132983 0.862441 135.312230 20.876136 149.220629
1.333034 -1.130740 0.869736 136.336945 20.757257 148.271100
1.330570 -1.127711 0.863425 137.765830 21.304611 146.296654
1.333282 -1.133724 0.859746 138.590598 21.058773 145.455661
1.337578 -1.141470 0.855083 139.420622 20.810017 144.633695
1.339521 -1.145713 0.856800 140.234290 20.397638 144.528281
1.344721 -1.149419 0.849461 141.451718 20.085073 143.562729
1.344721 -1.149419 0.849461 141.451718 20.085073 143.562729
1.348282 -1.152611 0.847642 143.522828 19.351597 141.861031
1.351513 -1.156448 0.839553 144.774731 19.169376 140.853481
1.344908 -1.150795 0.843491 146.037872 18.735199 140.068838
1.345661 -1.154485 0.841429 147.098985 18.577852 139.201101
1.345661 -1.154485 0.841429 147.098985 18.577852 139.201101
1.344064 -1.161159 0.836551 148.543215 18.368229 137.449075
1.343378 -1.157321 0.838356 149.761431 17.949600 136.762042
1.347772 -1.159534 0.831935 151.011832 17.516067 135.902783
1.348955 -1.165177 0.826070 151.936485 17.207940 135.223126
1.351459 -1.165940 0.822865 153.034542 16.561013 134.235055
1.352902 -1.172270 0.818293 153.753256 16.158855 133.617831
1.354435 -1.179102 0.815368 154.380526 15.831656 133.225230
1.355872 -1.182449 0.813595 155.022383 15.445022 132.803300
1.358657 -1.189525 0.811205 155.658977 15.100449 132.469527
1.359720 -1.197183 0.809182 156.020011 14.865588 132.198947
1.358786 -1.193981 0.811376 156.292023 14.490720 131.836851
1.360868 -1.201186 0.807161 156.453512 14.057727 131.514863
1.358764 -1.208901 0.808758 156.653621 13.571855 131.280123
1.359982 -1.211022 0.805583 157.033894 13.041952 130.830765
1.356058 -1.217828 0.806021 157.454090 12.849701 130.939813
1.356058 -1.217828 0.806021 157.454090 12.849701 130.939813
1.356153 -1.221323 0.804021 158.038565 11.813919 130.728620
1.356647 -1.213339 0.804765 158.176720 11.423053 130.750033
1.356611 -1.220941 0.808186 157.942061 10.951300 131.048081
1.356614 -1.224417 0.806171 158.081394 10.471246 130.998245
1.352451 -1.229152 0.800898 158.286035 10.277552 130.723328
1.351665 -1.233968 0.794325 158.455044 9.868596 130.584441
1.353621 -1.236812 0.792510 158.424634 9.127281 130.609100
1.351952 -1.243930 0.795483 158.321514 8.863347 131.302256
1.352081 -1.250564 0.792303 158.412154 8.609232 131.283941
1.350466 -1.248472 0.794894 158.173640 8.201519 131.079091
1.348500 -1.253200 0.789735 157.581728 7.818810 130.635602
1.348500 -1.253200 0.789735 157.581728 7.818810 130.635602
1.347978 -1.256086 0.788463 158.014696 7.024369 130.281253
1.346315 -1.250331 0.787210 158.283213 6.528540 130.222989
1.345421 -1.253635 0.785062 158.647476 6.233315 130.072747
1.345421 -1.253635 0.785062 158.647476 6.233315 130.072747
1.341820 -1.254422 0.787058 159.279046 5.185137 129.349336
1.339688 -1.255462 0.786928 159.544607 5.423433 129.332212
1.338787 -1.254483 0.788725 159.987393 5.080670 129.118473
1.337377 -1.256101 0.790342 160.127153 5.203587 129.831095
1.337197 -1.255529 0.792347 160.060357 4.851396 129.865830
1.336637 -1.256850 0.790184 160.516406 4.442345 129.924302
1.336542 -1.257983 0.794248 160.741563 3.948215 130.697847
1.335812 -1.255246 0.796047 161.120349 3.548144 130.632770
1.335211 -1.252334 0.798619 161.368786 3.063781 130.694463
1.333948 -1.248686 0.801873 161.567297 2.758440 130.659439
1.332391 -1.245406 0.804457 161.671477 2.474218 130.703218
1.331338 -1.242194 0.807365 161.780036 2.145761 130.805589
1.330367 -1.248625 0.806087 161.908094 1.822818 130.796710
1.333039 -1.253347 0.805855 161.956023 1.712510 130.798432
1.329962 -1.249544 0.808032 161.997480 1.557454 130.853957
1.329962 -1.249544 0.808032 161.997480 1.557454 130.853957
1.328355 -1.250117 0.813397 161.990655 1.146002 131.892219
1.326865 -1.245329 0.815285 162.088004 0.927501 131.828331
1.326726 -1.252191 0.811963 162.024919 0.565208 131.859209
1.328918 -1.257521 0.812808 161.997101 0.336816 131.869657
1.324445 -1.259320 0.809524 162.251581 -0.432639 132.279567
1.326560 -1.254405 0.814608 162.246041 -1.094267 132.547753
1.326560 -1.254405 0.814608 162.246041 -1.094267 132.547753
1.326560 -1.254405 0.814608 162.246041 -1.094267 132.547753
1.324465 -1.248669 0.813829 162.510863 -1.956576 132.765427
1.323929 -1.246124 0.816870 162.664896 -2.210594 133.009048
1.323348 -1.242937 0.818912 162.710948 -2.443635 133.045741
1.324986 -1.243253 0.814261 162.698218 -2.608257 133.251412
1.325121 -1.240277 0.816215 162.820616 -2.759671 133.162505
1.324038 -1.237262 0.817957 163.200506 -2.858104 132.926025
1.322498 -1.234973 0.822224 163.375113 -2.992709 132.817217
1.322332 -1.231874 0.824636 163.614355 -3.235492 132.639898
1.323404 -1.228377 0.826296 163.820176 -3.595192 132.468930
1.322687 -1.224313 0.829993 163.901056 -3.953336 132.335440
1.324386 -1.226688 0.827019 164.111165 -4.051820 132.302571
1.320263 -1.224717 0.826094 164.242277 -3.135484 131.573466
1.319622 -1.219855 0.830223 164.239703 -3.427932 131.474091
1.319716 -1.215724 0.833585 164.326148 -3.730044 131.359597
1.318619 -1.212314 0.837636 164.359640 -4.032220 131.351624
1.318263 -1.206877 0.843301 164.415085 -4.425116 131.335658
1.318263 -1.206877 0.843301 164.415085 -4.425116 131.335658
1.316465 -1.201054 0.845614 164.914831 -5.244058 131.069559
1.317911 -1.193439 0.848365 165.067496 -5.753213 131.050149
1.317911 -1.193439 0.848365 165.067496 -5.753213 131.050149
1.314571 -1.188183 0.848572 165.481920 -6.420358 130.962778
1.313835 -1.181908 0.853026 165.547959 -6.787626 131.072842
1.314802 -1.178053 0.857069 165.560888 -7.305566 131.178577
1.311469 -1.179649 0.852774 165.619085 -8.052706 131.348126
1.311469 -1.179649 0.852774 165.619085 -8.052706 131.348126
1.311514 -1.178474 0.858309 166.147375 -8.929591 131.999396
1.311514 -1.178474 0.858309 166.147375 -8.929591 131.999396
1.310699 -1.177270 0.865369 166.615939 -9.807804 132.835403
1.310133 -1.182153 0.862352 166.671686 -10.248213 132.830947
1.315372 -1.183464 0.863233 166.738563 -11.656043 133.011271
1.314615 -1.189850 0.859014 166.948832 -12.160320 132.977583
1.315071 -1.195068 0.861439 166.743941 -12.552302 132.803911
1.315071 -1.195068 0.861439 166.743941 -12.552302 132.803911
1.312161 -1.187748 0.863804 167.006929 -13.341302 132.603921
1.316981 -1.183749 0.867259 167.341547 -14.091112 132.821547
1.323507 -1.185077 0.868419 167.960821 -15.621896 133.232611
1.316177 -1.179578 0.871372 168.387633 -15.374624 133.281129
1.316177 -1.179578 0.871372 168.387633 -15.374624 133.281129
1.311488 -1.173981 0.869658 168.695214 -16.275763 133.172065
1.310319 -1.168087 0.877007 169.148312 -16.797408 133.461641
1.311356 -1.164350 0.883149 169.373541 -17.392495 133.756504
1.313564 -1.158921 0.887129 169.512516 -18.080517 133.957514
1.308370 -1.153531 0.892482 169.838008 -18.133901 134.165858
1.303046 -1.149059 0.891570 169.711144 -17.871101 133.529357
1.305560 -1.146436 0.897497 169.864998 -18.717029 133.851540
1.307769 -1.138508 0.901351 170.086951 -19.258332 133.834938
1.306691 -1.144439 0.898768 170.415574 -19.846947 133.791334
1.304684 -1.139527 0.903098 170.839483 -20.104335 133.747278
1.304284 -1.132352 0.908365 170.900801 -20.426462 133.688049
1.305944 -1.135799 0.913953 171.152602 -21.045866 134.648218
1.306052 -1.141634 0.909929 171.244966 -21.538099 134.566655
1.300627 -1.135696 0.914538 171.310997 -21.461025 134.529612
1.294538 -1.131389 0.916762 171.484116 -20.871068 134.287569
1.294538 -1.131389 0.916762 171.484116 -20.871068 134.287569
1.291090 -1.123276 0.922893 172.189451 -21.430938 134.174382
1.292262 -1.118335 0.928992 172.463611 -21.990519 134.196326
1.292194 -1.112129 0.934403 172.798290 -22.448428 134.116602
1.290826 -1.101568 0.939005 173.051741 -22.856092 133.999011
1.291165 -1.094983 0.944987 173.242353 -23.374585 134.193423
1.290784 -1.088951 0.951367 173.520382 -23.685569 134.507173
1.287138 -1.078136 0.954931 173.970613 -23.826466 134.498473
1.280394 -1.072593 0.956362 173.889935 -23.119319 134.239705
1.282499 -1.066079 0.960391 173.968700 -23.630581 134.176469
1.282499 -1.066079 0.960391 173.968700 -23.630581 134.176469
1.277943 -1.059597 0.961448 174.502147 -23.253433 133.788530
1.274967 -1.053024 0.963478 174.397767 -23.439575 133.706662
1.275011 -1.045365 0.969669 174.611468 -23.741690 133.848006
1.279110 -1.042012 0.974212 175.032228 -24.292573 134.265289
1.280375 -1.036147 0.977311 174.952971 -24.726557 134.339994
1.281532 -1.030566 0.983513 174.966755 -25.145372 134.551884
1.282075 -1.025045 0.985852 175.159726 -25.430191 134.511236
1.277907 -1.022242 0.988614 175.543100 -24.923782 134.705359
1.278095 -1.014527 0.991141 175.594582 -25.504807 134.533288
1.279338 -1.009372 0.994088 175.853465 -26.127064 134.598233
1.283621 -1.013174 0.996029 176.374190 -27.610711 135.555686
1.284336 -1.007310 1.001273 177.021994 -28.177614 135.597560
1.286555 -1.002795 1.004075 177.658992 -28.783490 135.735145
1.287105 -0.998565 1.007063 177.963317 -29.270142 135.734969
1.284491 -0.993476 1.011603 178.308558 -29.506846 135.908329
1.283883 -0.989198 1.014712 178.565569 -30.195681 135.923903
1.285904 -0.984209 1.016852 179.399512 -30.993044 135.994420
1.285664 -0.978695 1.020826 -179.738944 -31.565637 136.107638
1.287354 -0.983271 1.022009 -179.231999 -32.213182 135.949416
1.285218 -0.979693 1.025450 -178.740153 -32.604308 136.072416
1.289201 -0.975594 1.029563 -178.234376 -33.296415 136.238870
1.289201 -0.975594 1.029563 -178.234376 -33.296415 136.238870
1.288153 -0.970605 1.033502 -177.174813 -33.974979 136.646798
1.289084 -0.963025 1.037436 -176.476712 -34.646699 137.013712
1.289366 -0.956381 1.039732 -175.705611 -35.363489 137.480013
1.290606 -0.950019 1.042475 -174.646016 -36.127593 138.031710
1.295616 -0.943960 1.048052 -173.758750 -36.965670 138.543025
1.300169 -0.938918 1.050911 -172.789477 -37.677298 138.998338
1.300169 -0.938918 1.050911 -172.789477 -37.677298 138.998338
1.303981 -0.929583 1.052394 -171.872707 -38.775270 139.579853
1.302367 -0.922766 1.055112 -171.345388 -38.925924 139.873497
1.306487 -0.919138 1.058901 -170.439299 -39.497680 140.545563
1.311216 -0.913794 1.064902 -169.740403 -39.918473 141.149838
1.313369 -0.910254 1.070116 -169.102029 -40.358689 141.765502
1.312882 -0.904749 1.073786 -168.346070 -40.464400 142.171482
1.316733 -0.899227 1.079826 -167.629961 -40.867815 142.853516
1.315219 -0.904666 1.077285 -166.917889 -41.204997 143.293506
1.317113 -0.898477 1.078768 -166.378331 -41.550737 143.440826
1.319865 -0.892615 1.083989 -165.594828 -41.815553 143.989061
1.321822 -0.887832 1.088235 -164.897859 -42.096480 144.603378
1.320423 -0.893136 1.085109 -164.013238 -42.372859 145.154460
1.321957 -0.886825 1.090716 -162.917317 -42.571025 145.832613
1.321315 -0.881293 1.088394 -163.031199 -42.757530 145.469925
1.318879 -0.877007 1.091846 -162.540439 -42.236154 145.818690
1.322909 -0.873336 1.097372 -161.632034 -42.634972 146.588889
1.322909 -0.873336 1.097372 -161.632034 -42.634972 146.588889
1.325480 -0.869117 1.099596 -159.901258 -43.336548 147.596285
1.327296 -0.864337 1.104160 -159.120971 -43.710373 148.125019
1.329612 -0.860682 1.106548 -158.301186 -44.139100 148.456722
1.328209 -0.856055 1.107683 -157.770125 -44.261844 148.676717
1.325988 -0.850269 1.109642 -157.465357 -44.284053 148.653873
1.326894 -0.846121 1.111450 -156.996237 -44.569561 148.684033
1.331738 -0.846474 1.113414 -155.936898 -45.129801 149.437888
1.334717 -0.845027 1.118630 -155.067854 -45.520606 150.131069
1.333389 -0.840699 1.118718 -155.093565 -45.501944 149.656091
1.333389 -0.840699 1.118718 -155.093565 -45.501944 149.656091
1.337265 -0.837663 1.122184 -153.465455 -46.726636 150.883321
1.339645 -0.834967 1.125005 -152.843381 -47.462975 151.456290
1.338137 -0.831753 1.127480 -152.105305 -48.056029 152.034119
1.335522 -0.826540 1.129367 -152.125522 -47.624189 151.374569
1.331909 -0.823976 1.128616 -150.902599 -48.473197 152.294659
1.328295 -0.825034 1.126824 -150.078358 -49.181030 152.880019
1.331051 -0.822245 1.130362 -149.426006 -49.758602 153.337585
1.329382 -0.819457 1.132273 -148.703327 -50.245774 153.802532
1.328104 -0.816701 1.133813 -148.487532 -50.202502 153.668351
1.331203 -0.814612 1.136705 -148.016565 -50.760606 154.190468
1.331203 -0.814612 1.136705 -148.016565 -50.760606 154.190468
1.332525 -0.812777 1.138837 -147.289291 -51.620273 154.926963
1.334235 -0.810693 1.141686 -146.721408 -51.925686 155.432884
1.333046 -0.808298 1.141104 -147.479418 -52.044286 154.577682
1.333073 -0.805983 1.142568 -146.960980 -52.525070 155.080164
1.330579 -0.806012 1.140622 -146.574648 -53.076188 155.414391
1.329758 -0.807539 1.139293 -145.979183 -53.413426 155.599808
1.331398 -0.806336 1.140253 -145.477131 -53.782292 155.972695
1.330073 -0.803415 1.139853 -146.014842 -53.852945 154.924665
1.331057 -0.801203 1.140586 -145.194436 -54.310313 155.801350
1.329437 -0.802985 1.139510 -144.801019 -54.745200 156.133281
1.325361 -0.804028 1.138927 -144.310248 -55.138261 156.330131
1.322953 -0.805667 1.137459 -143.997259 -55.578723 156.229991
1.320269 -0.807745 1.136067 -143.484747 -55.948891 156.344147
1.325574 -0.806441 1.136404 -143.043814 -56.339988 156.441434
1.321609 -0.808047 1.135062 -142.447101 -56.714357 156.653666
1.317923 -0.804954 1.134825 -143.295924 -56.556513 155.400973
1.312829 -0.808103 1.131037 -143.591157 -57.032449 155.005165
1.317946 -0.805535 1.132126 -143.630693 -57.411153 154.603500
1.314550 -0.809188 1.129007 -143.817049 -57.986259 154.140876
1.306946 -0.810360 1.125965 -144.232901 -58.355733 153.511371
1.302001 -0.814233 1.127615 -144.042469 -58.681650 153.319231
1.296591 -0.818044 1.125986 -144.390793 -59.107404 152.878623
1.290194 -0.822955 1.121704 -144.407385 -59.704045 152.468488
1.284428 -0.825392 1.118720 -144.525457 -60.163262 152.114860
1.278336 -0.827177 1.116142 -144.568761 -60.375009 151.739070
1.268897 -0.827375 1.114933 -144.744616 -60.385166 151.387306
1.264836 -0.831140 1.110640 -144.582665 -60.897461 151.478803
1.260349 -0.834790 1.106510 -144.591296 -61.192675 151.511145
1.260148 -0.843436 1.102371 -142.508980 -62.462468 153.626371
1.253264 -0.844732 1.105405 -141.950833 -62.383129 154.085039
1.248092 -0.848562 1.101116 -141.407318 -62.886658 154.215247
1.239625 -0.843305 1.104849 -141.586335 -62.503332 153.669381
1.232111 -0.840643 1.102370 -141.738722 -62.766387 153.079837
1.224622 -0.836432 1.103540 -142.279902 -62.664669 152.352532
1.214628 -0.830155 1.103089 -143.697819 -62.577336 150.692700
1.207061 -0.825455 1.102933 -144.744983 -62.534115 149.531831
1.199952 -0.827044 1.097801 -144.751360 -63.245237 149.430949
1.212004 -0.823290 1.097562 -144.746306 -63.767589 149.689231
1.206876 -0.830040 1.094127 -144.144507 -64.825030 150.238321
1.198007 -0.828144 1.092083 -143.915822 -65.132782 150.163413
1.186694 -0.827165 1.087679 -143.773505 -65.552790 149.924207
1.177753 -0.825792 1.086428 -143.954181 -65.850286 149.563790
1.168789 -0.826263 1.087623 -143.779364 -66.041466 149.739300
1.164098 -0.831475 1.078421 -144.441724 -67.156104 148.758302
1.157281 -0.835944 1.076666 -144.831706 -67.433504 148.332706
1.153698 -0.842542 1.073013 -144.424083 -68.326240 148.561266
1.143809 -0.845715 1.069603 -144.821104 -68.701263 147.981983
1.135812 -0.846090 1.069712 -144.635302 -68.928354 147.991477
1.129054 -0.842744 1.068103 -145.734867 -69.011922 146.565136
1.121539 -0.842940 1.074878 -144.283533 -68.707200 147.950327
1.114414 -0.843363 1.073568 -144.487978 -69.210356 147.991740
1.107279 -0.845010 1.071759 -144.651198 -69.655217 147.886860
1.107279 -0.845010 1.071759 -144.651198 -69.655217 147.886860
1.102443 -0.848741 1.075721 -144.076746 -69.907841 148.112517
1.096697 -0.852831 1.072775 -144.701413 -70.399603 147.454929
1.091133 -0.858840 1.067425 -144.951799 -71.260118 146.829741
1.087945 -0.863670 1.062538 -145.068154 -72.149340 146.357991
1.082971 -0.858366 1.062911 -147.431963 -71.957388 143.845709
1.073359 -0.857963 1.063424 -147.608340 -72.086377 143.579747
1.066154 -0.858814 1.062413 -148.180668 -72.323153 143.090759
1.060245 -0.855437 1.065791 -148.662075 -71.631652 142.516796
1.056397 -0.863570 1.070929 -146.435062 -72.002303 144.771983
1.052343 -0.869196 1.068077 -145.449720 -72.635360 145.425696
1.052343 -0.869196 1.068077 -145.449720 -72.635360 145.425696
1.042614 -0.870786 1.071990 -143.879021 -72.903520 146.493312
1.035401 -0.867798 1.070538 -145.094833 -73.048734 145.122139
1.027140 -0.867236 1.072216 -144.669277 -73.119861 145.194998
1.016575 -0.870689 1.069732 -144.153978 -73.760476 145.411168
1.011819 -0.874882 1.064014 -143.861151 -74.893746 145.182011
1.004214 -0.872694 1.061335 -145.282029 -75.208303 143.556691
0.997279 -0.869063 1.053643 -148.287717 -75.675440 140.348971
0.994872 -0.866247 1.046424 -153.777890 -76.614802 135.130308
0.986799 -0.868045 1.046373 -154.331339 -77.124775 134.325642
0.980292 -0.871276 1.038310 -156.252422 -77.749830 132.030161
0.973531 -0.872144 1.034392 -157.757393 -78.324449 130.500679
0.966338 -0.874302 1.036315 -157.596424 -78.531036 130.631721
0.958892 -0.879917 1.032128 -159.343559 -79.159761 128.736314
0.951852 -0.881519 1.035367 -159.776182 -79.335398 128.129896
0.944027 -0.882439 1.035740 -161.601499 -79.462761 126.114016
0.936006 -0.889274 1.038022 -160.924621 -79.751863 126.586022
0.928152 -0.890222 1.038598 -162.226085 -79.846252 125.041515
0.921269 -0.892522 1.034878 -164.974932 -80.011633 121.912110
0.913306 -0.900082 1.034323 -165.626094 -80.163945 121.271022
0.905210 -0.899825 1.035333 -165.983273 -79.877107 120.813098
0.897145 -0.903028 1.034947 -166.208396 -79.899668 120.659444
0.886635 -0.907816 1.034995 -167.246467 -79.907939 119.886339
0.878864 -0.911852 1.034284 -168.701301 -79.870492 118.405010
0.875380 -0.920125 1.036264 -167.439790 -80.229519 119.827419
0.864581 -0.914209 1.036724 -170.937448 -79.386105 116.420366
0.858791 -0.919985 1.033036 -173.064094 -79.817910 114.270114
0.850501 -0.922709 1.034302 -173.295384 -79.777593 113.833042
0.838768 -0.921485 1.036096 -173.632004 -79.276676 113.015619
0.830507 -0.924427 1.037277 -174.325664 -79.057172 112.076760
0.821924 -0.926829 1.038909 -175.136563 -78.741527 111.534338
0.811762 -0.921494 1.038446 -177.987285 -77.865615 108.835972
0.805501 -0.927676 1.037991 -179.254564 -78.261930 107.814570
0.799330 -0.932648 1.034006 177.623446 -78.447708 104.356582
0.788514 -0.935403 1.035702 176.587572 -78.300321 103.221075
0.782883 -0.941052 1.033631 174.869918 -78.616218 101.273100
0.775320 -0.943420 1.033987 173.244033 -78.806225 99.828057
0.766409 -0.949220 1.034392 172.122804 -79.161074 98.717063
0.769634 -0.951266 1.040876 167.982791 -79.032716 94.387887
0.762407 -0.952517 1.042122 167.352090 -78.959140 93.499070
0.753526 -0.957885 1.041806 165.324846 -79.188685 91.422145
0.750560 -0.964792 1.042548 163.854870 -80.301366 90.381273
0.743887 -0.969285 1.041835 160.976389 -80.482222 87.574231
0.743887 -0.969285 1.041835 160.976389 -80.482222 87.574231
0.736465 -0.970645 1.040033 153.732648 -80.401634 80.465604
0.728719 -0.971374 1.039681 151.047848 -80.295732 77.786337
0.720208 -0.977105 1.038825 148.939161 -80.319380 75.519261
0.713515 -0.974663 1.037764 147.338365 -79.795467 74.218440
0.706432 -0.975669 1.039078 146.375399 -79.692784 73.452466
0.699682 -0.968379 1.036552 144.440023 -78.679947 71.982930
0.691623 -0.968866 1.036391 142.094545 -78.486360 70.034552
0.684141 -0.969757 1.036954 140.225112 -78.461395 68.463945
0.676521 -0.966869 1.043339 141.340786 -78.420432 69.494536
0.669500 -0.971063 1.042203 138.920729 -78.546920 67.053210
0.662744 -0.975651 1.043577 137.876956 -78.656390 65.739913
0.651768 -0.973731 1.041110 136.803981 -78.209069 64.602498
0.644232 -0.973103 1.045213 137.252444 -77.913744 64.913415
0.637532 -0.977391 1.048805 135.655110 -77.852513 63.595513
0.628384 -0.984364 1.045328 131.870434 -77.610493 59.639453
0.622602 -0.991204 1.044605 127.520953 -77.849956 55.141665
0.618258 -0.997757 1.048984 125.839222 -78.317838 53.502323
0.607710 -0.996070 1.054543 125.889993 -77.901501 53.221841
0.599199 -0.997291 1.055659 124.305880 -77.601156 51.601029
0.591363 -0.999453 1.056246 122.424611 -77.499834 49.606759
0.581164 -1.003450 1.058549 120.971063 -77.616153 48.058709
0.575920 -1.008544 1.054936 117.063889 -77.408422 43.946745
0.568530 -1.011354 1.057799 115.695256 -77.376564 42.594233
0.557515 -1.013467 1.058476 114.320282 -77.110454 41.303894
0.549892 -1.012569 1.062227 114.799709 -76.916759 41.521953
0.542163 -1.015295 1.063878 113.661174 -76.654122 40.358222
0.531592 -1.015822 1.068657 113.732778 -76.461188 40.619686
0.523720 -1.019290 1.070818 113.023577 -76.392475 40.138398
0.523720 -1.019290 1.070818 113.023577 -76.392475 40.138398
0.514803 -1.022463 1.078338 115.494180 -76.589018 42.854802
0.505232 -1.022765 1.079332 117.015581 -75.917435 44.433387
0.496036 -1.022920 1.083166 118.186784 -75.309610 45.823791
0.483451 -1.020293 1.086978 120.236463 -74.464627 48.501663
0.475787 -1.023097 1.081035 118.226948 -73.421529 46.938991
0.465532 -1.024770 1.083136 117.832248 -72.737247 47.012758
0.451612 -1.025576 1.079712 116.959928 -71.559397 46.368582
0.441297 -1.029657 1.080636 116.381842 -70.601977 46.196822
0.436294 -1.038706 1.085035 115.040293 -70.294834 45.404932
0.422315 -1.041697 1.087344 114.736777 -69.355122 45.621822
0.413365 -1.043388 1.092722 114.453752 -68.630017 45.980884
0.401793 -1.043049 1.094019 113.649379 -67.176359 46.200501
0.397186 -1.052478 1.105588 112.257516 -66.972801 46.059917
0.385946 -1.049165 1.101736 110.583635 -65.140324 45.320063
0.376929 -1.050792 1.109913 110.730408 -64.292628 45.636651
0.365560 -1.057679 1.118615 110.104654 -63.661923 45.199078
0.356657 -1.064906 1.122027 108.742460 -62.982617 44.090458
0.345948 -1.065664 1.126213 107.916496 -61.957224 44.005861
0.334077 -1.067076 1.116902 105.286961 -59.765995 41.651316
0.325157 -1.073011 1.115860 104.556183 -58.843225 40.781100
0.314692 -1.070353 1.114716 105.060460 -57.385718 41.297090
0.307691 -1.077973 1.124584 104.423563 -56.955072 41.665307
0.300126 -1.083644 1.128752 103.525640 -56.446139 41.582856
0.292532 -1.090597 1.130265 102.944075 -55.766589 41.392958
0.288575 -1.102173 1.136831 102.965352 -55.639042 41.642784
0.282036 -1.109574 1.139770 102.804159 -55.322673 41.860402
0.278285 -1.118610 1.143043 103.286475 -55.095380 42.843000
0.272012 -1.129972 1.149103 104.004787 -54.746477 44.097839
0.267143 -1.138587 1.152945 104.578587 -54.333815 45.228789
0.261368 -1.146703 1.149298 103.898259 -53.425283 44.709744
0.247160 -1.150499 1.147290 106.128276 -52.365645 46.657053
0.236080 -1.151262 1.148997 107.855249 -51.172467 48.492523
0.221388 -1.228957 1.167075 110.023344 -47.724096 53.381980
0.205717 -1.273243 1.177989 111.374685 -44.480403 57.248387
0.205532 -1.286078 1.175875 111.639694 -43.565559 58.342337
0.204151 -1.294671 1.177353 111.872375 -42.783087 59.865046
0.205079 -1.303476 1.179002 111.510847 -42.212491 60.947352
0.197638 -1.311475 1.180171 111.836146 -41.137218 62.348431
0.194326 -1.316036 1.185150 111.879688 -40.208622 63.886875
0.194326 -1.316036 1.185150 111.879688 -40.208622 63.886875
0.197739 -1.324523 1.185685 112.003195 -39.487491 65.916291
0.197739 -1.324523 1.185685 112.003195 -39.487491 65.916291
0.194641 -1.329650 1.187962 112.790390 -38.099887 68.215511
0.194641 -1.329650 1.187962 112.790390 -38.099887 68.215511
0.194164 -1.334896 1.188992 112.401386 -37.467902 69.032153
0.194164 -1.334896 1.188992 112.401386 -37.467902 69.032153
0.198761 -1.338682 1.190455 112.375485 -37.642615 69.925066
0.198375 -1.343086 1.190922 112.148463 -37.684473 70.122247
0.198248 -1.338630 1.189094 112.403804 -37.395147 70.652949
0.194731 -1.342787 1.192863 112.278076 -37.125506 71.290553
0.193217 -1.347522 1.195644 111.761368 -36.640735 71.834808
0.192048 -1.351597 1.199477 111.118230 -36.316923 71.928284
0.184235 -1.350759 1.201257 110.401582 -35.260790 71.718877
0.180441 -1.354975 1.203771 109.999033 -34.958448 71.570453
0.171620 -1.353456 1.202135 109.500995 -33.789231 71.301877
0.173566 -1.348154 1.198340 109.501031 -33.789235 71.301890
0.177243 -1.342702 1.195168 109.463456 -33.921493 71.216547
0.173299 -1.351453 1.199030 109.041963 -34.025864 70.946118
0.170961 -1.359217 1.197740 108.433826 -34.014264 70.911356
0.166414 -1.363731 1.203540 108.294474 -33.882333 71.359870
0.158788 -1.353546 1.204167 107.811466 -34.049498 71.636439
0.157327 -1.360940 1.210151 107.621116 -33.857674 72.053427
0.155722 -1.363317 1.211669 107.767106 -33.496719 72.501759
0.094644 -1.361476 1.304616 110.292012 -33.122834 80.460182
0.090843 -1.352157 1.312388 110.880320 -32.363161 82.285292
0.092856 -1.342472 1.311308 110.539576 -32.968541 81.182948
0.091008 -1.332600 1.313077 110.254572 -33.312995 80.488723
0.095950 -1.319894 1.314334 110.271847 -33.969997 79.547193
0.095012 -1.314055 1.323220 111.914902 -33.819034 82.772269
0.101605 -1.316458 1.316086 111.268998 -36.504588 78.797628
0.102123 -1.301820 1.318201 111.755020 -36.992442 77.921914
0.103137 -1.290585 1.317575 112.000457 -37.564716 76.877123
0.100985 -1.279898 1.316067 111.733413 -38.218017 75.572899
0.104835 -1.265668 1.313945 111.164889 -38.909176 74.025524
0.106832 -1.255049 1.314066 110.664794 -39.462761 72.393513
0.108681 -1.244166 1.313545 110.348298 -39.879872 70.850149
0.105542 -1.257999 1.318264 110.015988 -40.338577 68.988886
0.110037 -1.247362 1.314196 109.533141 -40.721216 67.132746
0.103546 -1.252544 1.321702 108.690332 -41.135520 65.021853
0.109374 -1.239605 1.319777 108.771422 -41.420732 63.814411
0.114697 -1.231344 1.312907 108.242792 -41.908297 61.871047
0.118758 -1.221164 1.307299 107.485662 -42.379404 60.000989
0.117814 -1.204849 1.308914 107.491131 -42.451133 59.283802
0.123798 -1.195064 1.303845 106.889478 -42.945576 57.535691
0.128100 -1.184035 1.302507 107.079707 -43.405115 56.078543
0.133857 -1.169430 1.296100 107.245367 -43.749563 54.597170
0.138632 -1.158571 1.292377 107.721315 -44.217853 53.402339
0.140558 -1.146342 1.289666 108.181469 -44.425089 52.567049
0.144757 -1.129962 1.291833 108.236813 -44.997624 52.069735
0.143850 -1.119021 1.285813 108.497664 -45.113624 50.905928
0.153354 -1.114802 1.292365 108.827195 -47.079333 51.014827
0.152698 -1.099354 1.295633 109.704670 -47.577855 51.471483
0.156879 -1.091185 1.288064 109.082598 -48.190867 50.165893
0.167358 -1.087634 1.290227 108.031401 -49.605634 49.035090
0.177178 -1.082448 1.281278 107.316121 -50.336296 47.447692
0.179001 -1.073307 1.276119 107.065259 -50.866762 46.360947
0.182912 -1.064492 1.272262 107.262636 -51.256082 45.342529
0.195059 -1.069382 1.274581 106.694228 -53.612821 43.727769
0.199785 -1.061519 1.272418 107.049769 -54.265290 42.989943
0.204140 -1.053882 1.270052 106.889209 -54.915957 42.086801
0.204675 -1.041344 1.269877 107.819393 -54.687090 42.758310
0.209130 -1.034058 1.268152 107.150853 -55.072455 41.302237
0.213328 -1.027798 1.263756 106.145824 -55.380365 39.379285
0.214255 -1.016375 1.260596 107.100767 -55.090592 39.220542
0.216209 -1.008171 1.257673 107.180185 -55.375261 38.117522
0.219215 -1.000059 1.253983 106.735051 -55.860604 36.453862
0.225877 -0.988548 1.256202 107.663279 -56.627127 36.494392
0.235426 -0.989940 1.253173 106.724295 -57.547092 34.514015
0.241643 -0.985119 1.246588 106.255563 -57.921549 32.879993
0.251876 -0.980019 1.238647 105.900116 -58.501384 31.438628
0.258327 -0.979880 1.229923 104.971635 -58.781724 30.080445
0.265176 -0.972991 1.224359 105.501323 -59.094303 29.778903
0.276711 -0.966242 1.216767 105.479077 -59.601827 29.211934
0.284947 -0.961279 1.209877 105.171768 -60.011738 28.542446
0.292517 -0.955860 1.203024 105.435465 -60.413300 28.303359
0.307990 -0.952811 1.202278 105.530236 -61.287247 28.162163
0.314647 -0.945444 1.207796 107.337984 -62.459963 30.213148
0.315763 -0.936147 1.201916 108.073955 -62.042166 31.028118
0.327065 -0.930483 1.195319 108.315427 -62.169162 31.221426
0.335190 -0.924156 1.195860 108.946186 -62.476906 32.188901
0.343387 -0.921039 1.191075 108.702584 -62.489144 31.944824
0.353721 -0.924543 1.197263 108.624445 -63.872639 31.580649
0.361142 -0.918525 1.197424 109.563389 -63.992152 32.701041
0.369321 -0.923738 1.198737 109.409769 -64.783357 32.211550
0.380700 -0.928618 1.201365 109.292637 -65.700022 31.851541
0.387292 -0.929698 1.193853 109.066126 -65.916860 31.141212
0.395628 -0.931555 1.188521 108.898880 -66.243812 30.874182
0.405962 -0.927849 1.180168 109.399044 -66.438335 31.321127
0.414223 -0.926895 1.174522 109.419963 -66.758472 31.369120
0.423189 -0.926586 1.170638 110.046019 -67.121802 31.999978
0.432424 -0.926159 1.161828 110.349967 -67.230942 32.531132
0.439070 -0.922757 1.156858 111.644361 -67.283250 33.496370
0.446457 -0.922340 1.152346 112.119991 -67.539822 34.074073
0.446457 -0.922340 1.152346 112.119991 -67.539822 34.074073
0.452521 -0.922563 1.149022 112.353281 -68.152109 34.658907
0.457560 -0.919589 1.146912 113.262458 -68.326459 35.504708
0.454900 -0.924873 1.151549 113.795612 -68.426246 36.020521
0.450732 -0.926843 1.151245 114.397176 -68.730805 36.625609
0.447241 -0.925328 1.151483 114.665384 -69.100935 36.753115
0.451163 -0.927042 1.150833 114.662065 -69.402144 36.623146
0.451163 -0.927042 1.150833 114.662065 -69.402144 36.623146
0.449815 -0.925658 1.150914 114.219302 -69.867782 35.747437
0.448217 -0.925346 1.151141 114.693893 -70.182559 35.630509
0.449626 -0.924785 1.150967 114.791306 -70.469901 35.222591
0.448979 -0.925415 1.151035 114.448697 -70.680496 34.422599
0.445297 -0.921393 1.153053 113.777117 -70.893221 33.606891
0.448350 -0.920765 1.151816 112.613546 -71.013811 32.415752
0.445898 -0.921074 1.153029 111.603421 -71.136441 31.490801
0.442801 -0.920763 1.153672 110.884937 -71.224912 30.586028
0.438367 -0.921268 1.155549 110.752063 -71.342936 30.131495
0.435133 -0.919165 1.157008 110.472272 -71.323792 29.643661
0.439395 -0.918066 1.155176 109.627242 -71.387872 28.502216
0.435032 -0.914682 1.159627 110.059731 -71.487757 28.626597
0.430701 -0.911648 1.161957 110.357091 -71.375457 28.549705
0.424910 -0.911456 1.165404 109.568765 -71.463597 27.532853
0.416519 -0.912445 1.169362 108.134038 -71.553308 25.818923
0.410094 -0.910694 1.173141 106.871451 -71.584920 24.286390
0.405334 -0.907093 1.178444 107.980173 -71.825981 24.777585
0.398514 -0.908704 1.169426 105.030787 -70.748147 21.353608
0.390174 -0.908964 1.173166 104.179397 -70.586639 20.132833
0.384994 -0.907113 1.180704 103.830757 -70.725125 19.609768
0.375286 -0.900874 1.174779 103.188172 -69.305608 19.007823
0.366926 -0.899583 1.180637 102.741248 -69.157435 18.176593
0.357492 -0.899722 1.185626 101.337213 -68.876269 16.410223
0.345267 -0.906978 1.188034 98.697695 -68.554297 13.230130
0.337023 -0.907233 1.195188 97.491195 -68.534043 11.386439
0.327549 -0.907196 1.200804 96.317321 -68.412032 9.489759
0.317820 -0.897095 1.207706 96.750928 -68.317082 9.680573
0.309300 -0.891848 1.214297 95.627050 -68.364984 8.356850
0.299142 -0.888731 1.219974 94.180581 -68.257504 6.290962
0.284239 -0.884975 1.224545 92.893231 -67.876610 4.426722
0.277281 -0.879828 1.232560 92.082274 -67.939169 2.967518
0.268827 -0.873762 1.237559 92.023039 -67.616023 2.093015
0.256547 -0.870255 1.246456 90.422610 -67.377021 -0.008245
0.249304 -0.865234 1.253270 89.629041 -67.005265 -1.796440
0.242816 -0.859668 1.260606 89.179241 -66.774081 -3.041710
0.230748 -0.859296 1.268290 88.167178 -66.314572 -5.072308
0.209228 -0.853323 1.305160 84.022858 -65.801554 -11.203062
0.201658 -0.850498 1.309776 83.813251 -65.340576 -11.990886
0.191744 -0.849707 1.317692 83.782221 -64.901996 -12.501177
0.183656 -0.853578 1.319604 83.320155 -64.046889 -13.614129
0.176734 -0.849386 1.323077 83.789956 -63.597080 -13.618403
0.168073 -0.846179 1.329791 83.687235 -63.296800 -14.010832
0.162565 -0.852665 1.330258 81.613900 -62.356734 -16.899209
0.154941 -0.850599 1.332840 82.116867 -62.114899 -16.983536
0.161054 -0.858038 1.325046 82.366165 -62.111914 -17.084592
0.153864 -0.854528 1.330609 82.178726 -62.154493 -17.416531
0.146872 -0.860293 1.333933 79.333488 -61.462237 -20.971569
0.137565 -0.854457 1.342378 79.430011 -61.381606 -21.271759
0.129463 -0.848444 1.345244 79.753576 -61.198254 -21.202153
0.125578 -0.839809 1.349972 80.335884 -61.414583 -20.925840
0.117918 -0.831020 1.356853 80.312992 -61.369540 -21.528992
0.110143 -0.828609 1.363056 80.158837 -61.247379 -22.129339
0.100380 -0.831406 1.363697 78.975384 -60.373784 -23.525217
0.092094 -0.823619 1.371297 78.374182 -60.315382 -24.312198
0.083829 -0.819551 1.375349 77.845957 -60.096027 -25.173561
0.074218 -0.821595 1.376849 76.831143 -59.446467 -26.540235
0.062416 -0.817839 1.383014 75.819768 -59.001379 -27.853658
0.056761 -0.813338 1.389669 75.338990 -58.921823 -28.808255
0.048135 -0.810513 1.393276 74.783416 -58.440533 -29.949377
0.041512 -0.799073 1.396019 75.389327 -58.296603 -30.083571
0.037246 -0.791402 1.400178 75.622996 -58.356532 -30.462938
0.033908 -0.784301 1.406941 75.427816 -58.624395 -31.497122
0.026260 -0.776105 1.414353 75.010777 -58.447486 -32.596351
0.022178 -0.768200 1.419176 74.990971 -58.363292 -33.188243
0.017546 -0.760438 1.423078 75.395643 -58.143108 -33.520601
0.007734 -0.754446 1.429565 74.681504 -57.642590 -34.939142
0.004664 -0.749625 1.432459 74.803322 -57.358497 -35.596106
-0.020359 -0.643230 1.471480 72.552665 -54.801352 -46.398274
-0.025483 -0.636087 1.472899 72.026556 -54.201714 -47.635570
-0.022204 -0.627911 1.474648 71.920620 -54.579447 -48.322677
-0.025024 -0.617095 1.474996 71.339889 -53.919544 -49.546493
-0.029496 -0.609843 1.477331 70.741835 -53.281445 -51.003904
-0.025674 -0.601555 1.476828 70.210824 -52.839916 -52.335774
-0.032033 -0.591624 1.478862 69.861122 -52.141045 -53.911662
-0.037868 -0.591588 1.486086 68.831474 -51.206511 -56.594680
-0.040507 -0.583282 1.487436 69.018824 -50.759479 -58.120957
-0.042874 -0.571596 1.489700 68.843295 -50.174153 -59.820004
-0.044292 -0.563436 1.488368 69.561396 -49.875893 -60.368770
-0.047900 -0.556078 1.489317 69.465843 -49.203647 -61.506309
-0.051661 -0.547065 1.489346 69.022810 -48.458264 -62.256058
-0.054680 -0.540899 1.488296 68.424686 -47.843887 -63.195805
-0.057302 -0.535393 1.488022 67.920566 -47.334300 -63.952058
-0.061966 -0.528299 1.486870 67.635603 -46.635998 -64.120015
-0.063068 -0.522523 1.485829 67.380693 -45.925018 -64.691717
-0.061291 -0.527864 1.486052 67.042456 -45.254095 -65.445169
-0.063224 -0.523175 1.485450 66.897860 -44.661360 -66.037856
-0.063224 -0.523175 1.485450 66.897860 -44.661360 -66.037856
-0.063224 -0.523175 1.485450 67.064466 -43.865350 -67.172374
-0.063224 -0.523175 1.485450 66.770045 -43.386416 -67.767319
-0.063224 -0.523175 1.485450 66.555478 -42.983136 -68.049607
-0.063224 -0.523175 1.485450 66.300394 -42.730855 -68.175294
-0.063224 -0.523175 1.485450 65.954220 -42.507350 -68.185186
-0.063224 -0.523175 1.485450 65.882537 -42.465364 -68.326840
-0.063224 -0.523175 1.485450 65.743156 -42.628139 -68.500160
-0.075529 -0.500233 1.510624 65.724946 -42.806850 -68.594771
-0.075529 -0.500233 1.510624 65.724946 -42.806850 -68.594771
-0.077444 -0.505988 1.507944 66.398467 -44.545554 -66.898502
-0.077444 -0.505988 1.507944 66.398467 -44.545554 -66.898502
-0.078044 -0.512869 1.505530 66.703408 -45.136363 -66.408536
-0.075787 -0.522671 1.504917 66.418947 -45.538542 -66.181233
-0.072111 -0.528721 1.501669 66.380191 -46.093536 -65.558991
-0.070153 -0.536715 1.502648 65.826225 -46.525355 -65.458474
-0.066784 -0.546505 1.499612 65.671993 -46.990092 -65.014184
-0.062995 -0.552644 1.495082 66.076310 -47.594669 -64.219915
-0.055720 -0.557771 1.494118 66.224762 -48.553414 -63.817021
-0.044368 -0.553809 1.496474 66.352442 -51.162692 -63.262437
-0.043474 -0.560620 1.489323 67.253435 -51.323438 -61.776614
-0.042205 -0.570246 1.488196 66.445198 -51.530216 -61.509264
-0.040298 -0.572750 1.486483 66.681916 -52.158338 -60.215424
-0.026492 -0.600439 1.480081 66.484026 -52.623711 -59.558447
-0.024659 -0.603814 1.478761 66.265751 -53.124137 -58.807547
-0.017629 -0.616545 1.474193 66.313760 -53.708424 -57.993926
-0.019751 -0.627696 1.471285 66.459178 -53.662583 -57.308164
-0.017769 -0.631553 1.470151 66.493073 -54.245900 -56.535657
-0.017769 -0.631553 1.470151 66.838083 -54.712633 -55.083537
-0.017769 -0.631553 1.470151 66.183302 -54.529865 -55.025223
-0.017769 -0.631553 1.470151 66.128193 -54.404429 -53.750988
-0.017769 -0.631553 1.470151 66.060405 -54.638260 -52.894140
0.070289 -0.756587 1.427701 66.750568 -55.165642 -51.786361
0.070289 -0.756587 1.427701 67.233873 -55.534138 -50.535952
0.070289 -0.756587 1.427701 68.103473 -55.955870 -48.646789
0.070289 -0.756587 1.427701 69.849905 -58.042283 -45.109596
0.070289 -0.756587 1.427701 69.621741 -58.180723 -44.818452
0.075324 -0.762128 1.423102 70.393733 -58.538873 -43.231019
0.081299 -0.773322 1.417110 71.038296 -58.782173 -41.900231
0.085139 -0.786064 1.416669 70.173431 -58.872390 -42.488579
0.094909 -0.797335 1.407837 71.174572 -59.258200 -40.632317
0.103084 -0.803844 1.400346 71.814909 -59.682851 -38.811368
0.108186 -0.814048 1.395527 72.124823 -59.817549 -38.044876
0.145446 -0.883692 1.344232 71.922914 -63.206856 -34.154258
0.164750 -0.908998 1.326323 71.909522 -63.609882 -33.043534
0.169309 -0.917885 1.320413 73.150074 -64.892796 -29.991090
0.171092 -0.928376 1.319624 72.528819 -65.192190 -30.020755
0.178613 -0.939128 1.314433 72.326275 -65.396933 -29.445623
0.184895 -0.931785 1.314434 77.675648 -67.658096 -23.142662
0.193384 -0.933187 1.310954 80.416298 -68.489870 -19.660543
0.187497 -0.923652 1.314168 82.004587 -68.630826 -17.248911
0.193764 -0.926578 1.310200 84.914741 -68.662432 -13.461050
0.195703 -0.933605 1.311822 84.299477 -68.756439 -13.473651
0.202861 -0.927791 1.310316 87.101413 -68.905943 -9.962164
0.208650 -0.928298 1.308042 90.026560 -68.893789 -6.643844
0.205328 -0.923577 1.308694 90.958361 -68.889123 -5.366362
0.202044 -0.918029 1.311816 92.721425 -68.957439 -3.508134
0.207204 -0.917737 1.311167 94.567771 -68.830405 -1.405235
0.211290 -0.919514 1.308532 95.845321 -68.526856 0.347835
0.215700 -0.924988 1.304939 95.974160 -68.257478 1.029888
0.220745 -0.927872 1.304640 96.781157 -68.135912 2.021617
0.224956 -0.932068 1.303101 97.604063 -67.930278 3.126728
0.230169 -0.939455 1.302395 98.073702 -68.125431 4.090120
0.236585 -0.939228 1.300044 99.727510 -68.014287 6.084678
0.243766 -0.940272 1.298744 101.527220 -67.801551 8.228989
0.252423 -0.938045 1.294941 103.275113 -67.457487 10.624863
0.258280 -0.939279 1.291648 104.325324 -67.331771 12.093455
0.264174 -0.938639 1.288433 105.430592 -67.162324 13.227992
0.272446 -0.936781 1.284260 106.662921 -67.134310 14.606671
0.272446 -0.936781 1.284260 106.662921 -67.134310 14.606671
0.277744 -0.941993 1.283118 106.874451 -66.805406 15.067984
0.272511 -0.937297 1.285782 107.949121 -66.236558 16.218197
0.367706 -0.909566 1.288452 115.619195 -57.449496 22.999104
0.363327 -0.912890 1.292334 115.767138 -56.885522 23.300299
0.365416 -0.910967 1.289594 115.849778 -56.503368 23.484921
0.365416 -0.910967 1.289594 115.849778 -56.503368 23.484921
0.370132 -0.910032 1.288025 115.556195 -56.140875 23.702596
0.373385 -0.908613 1.286653 115.629396 -56.007766 23.818159
0.373385 -0.908613 1.286653 115.629396 -56.007766 23.818159
0.377469 -0.909805 1.284728 115.944745 -55.851643 24.015811
0.377469 -0.909805 1.284728 115.944745 -55.851643 24.015811
0.379466 -0.908510 1.283210 115.563860 -55.458230 24.091851
0.379466 -0.908510 1.283210 115.563860 -55.458230 24.091851
0.382499 -0.908641 1.281821 115.146464 -55.387035 23.910532
0.379497 -0.909096 1.282679 115.364166 -55.502944 23.763273
0.381554 -0.906720 1.279750 115.887407 -55.614022 23.961630
0.382381 -0.903498 1.278123 115.865148 -55.782396 23.830835
0.384379 -0.902229 1.275097 115.413158 -56.301044 23.020625
0.380979 -0.906825 1.276159 115.338978 -56.784778 22.891521
0.379907 -0.902640 1.277131 116.844480 -56.863714 24.286970
0.379907 -0.902640 1.277131 116.844480 -56.863714 24.286970
0.383447 -0.899059 1.272204 117.587654 -57.242716 24.809619
0.386194 -0.894528 1.273233 118.225672 -57.638933 25.786652
0.389404 -0.892535 1.269955 118.227645 -57.893321 26.132459
0.395450 -0.890879 1.267683 117.500926 -58.319734 25.804199
0.399694 -0.887772 1.266862 117.172728 -58.708754 25.575011
0.397224 -0.883038 1.268394 116.262945 -59.177446 24.182063
0.403433 -0.878972 1.265288 116.222931 -59.440016 23.838331
0.408366 -0.875204 1.260676 116.067427 -59.705151 23.348777
0.410764 -0.868556 1.255941 115.468497 -60.172338 22.549187
0.422453 -0.874220 1.256598 113.676756 -61.918882 20.016406
0.418055 -0.872223 1.247327 113.062477 -61.314185 18.567536
0.427584 -0.872169 1.252376 112.183988 -62.867225 17.298117
0.434686 -0.860631 1.256976 113.438395 -64.186903 18.087156
0.434686 -0.860631 1.256976 113.184921 -64.446507 17.014476
0.434686 -0.860631 1.256976 113.184921 -64.446507 17.014476
0.434686 -0.860631 1.256976 113.184921 -64.446507 17.014476
0.438701 -0.859945 1.246483 90.502311 -69.260463 -17.528758
0.441816 -0.856897 1.236539 90.887898 -69.154837 -17.600424
0.454448 -0.856219 1.229817 89.003911 -69.539481 -19.515947
0.464536 -0.857939 1.226571 86.803958 -69.943151 -22.013125
0.474104 -0.859960 1.222326 84.172690 -70.263496 -24.808093
0.483128 -0.863693 1.232214 80.237508 -71.414156 -29.230660
0.484331 -0.858602 1.223353 81.932693 -71.146143 -28.331495
0.484331 -0.858602 1.223353 81.932693 -71.146143 -28.331495
0.489521 -0.857935 1.211298 78.411919 -71.241145 -33.006586
0.497906 -0.861221 1.214608 74.328437 -71.760702 -37.880320
0.505253 -0.861553 1.208430 71.964764 -71.566774 -41.031604
0.516438 -0.861375 1.203023 69.621702 -71.611075 -44.207438
0.524661 -0.860557 1.198780 67.264681 -71.552303 -47.423712
0.532891 -0.860763 1.194311 64.851323 -71.370860 -50.888788
0.540280 -0.868760 1.188020 61.751519 -70.706530 -54.721675
0.545683 -0.864900 1.180333 61.485941 -70.639492 -55.720098
0.553816 -0.866954 1.176032 59.283871 -70.297513 -58.676359
0.565407 -0.870990 1.173533 56.501744 -69.815527 -62.118187
0.571960 -0.874864 1.179137 52.084973 -69.714670 -67.759375
0.579429 -0.872790 1.173142 51.671123 -69.691827 -69.153678
0.589282 -0.869455 1.164482 51.957191 -69.892038 -69.712748
0.595910 -0.865376 1.157914 51.617682 -70.205247 -70.695163
0.604004 -0.871753 1.158854 47.932225 -69.812214 -74.899978
0.616678 -0.875150 1.157099 45.667446 -69.569014 -77.873367
0.622886 -0.868100 1.154136 45.404914 -70.565355 -78.377383
0.629895 -0.871432 1.147410 43.964741 -69.926015 -80.095456
0.640049 -0.868537 1.139757 43.207546 -69.782278 -81.642728
0.644339 -0.875822 1.135270 42.128544 -68.876907 -83.237105
0.648625 -0.871469 1.127150 43.481094 -69.047364 -82.285314
0.661567 -0.867668 1.125355 41.098944 -68.899509 -84.998497
0.669138 -0.863570 1.119485 40.795299 -68.972749 -86.097818
0.678661 -0.863135 1.117514 38.974623 -68.677369 -88.581811
0.690995 -0.867810 1.114892 37.170781 -67.847537 -90.933500
0.700106 -0.871290 1.111688 35.628473 -67.116003 -93.010369
0.708318 -0.877472 1.113303 33.475741 -66.309101 -95.707042
0.720375 -0.874852 1.106439 32.912775 -66.062396 -96.670104
0.730051 -0.876967 1.101481 32.277477 -65.404058 -98.101858
0.738449 -0.877468 1.093995 31.932495 -65.009673 -98.952595
0.750166 -0.884130 1.099931 29.899644 -64.089773 -101.594807
0.757802 -0.882825 1.091855 30.182877 -63.870173 -101.693554
0.766008 -0.890305 1.094153 28.628518 -62.801163 -104.095064
0.780393 -0.889572 1.090166 27.831470 -62.394324 -105.561749
0.789282 -0.895166 1.094346 26.500672 -61.425737 -107.744184
0.799779 -0.898222 1.097308 25.300469 -60.613690 -109.781472
0.805190 -0.898721 1.083971 26.069334 -60.157888 -109.812003
0.815606 -0.900711 1.084775 25.166000 -59.553836 -111.457910
0.826186 -0.902966 1.086783 23.892360 -58.792998 -113.410700
0.815862 -0.896939 1.095403 23.189484 -57.935894 -114.920461
0.822813 -0.901463 1.087989 23.221853 -57.171300 -115.535174
0.833410 -0.901722 1.084502 23.016800 -56.830199 -116.779307
0.846545 -0.901922 1.077566 22.927368 -56.656198 -117.898672
0.857199 -0.901688 1.074211 22.501762 -56.652913 -119.233030
0.866003 -0.907399 1.071501 22.343612 -55.858355 -120.281492
0.876654 -0.905634 1.080853 20.365874 -54.983468 -122.710681
0.868141 -0.901146 1.085627 19.539628 -53.968195 -124.180713
0.874627 -0.903051 1.077624 20.713166 -53.758088 -123.797458
0.885659 -0.911137 1.077989 20.585220 -52.740989 -125.253362
0.894168 -0.915933 1.077233 20.467560 -51.753715 -126.430206
0.885799 -0.911213 1.069178 19.910957 -50.564910 -127.928649
0.893665 -0.908286 1.066391 19.540299 -50.480618 -129.031524
0.901900 -0.910497 1.068119 19.627984 -49.783324 -129.955877
0.906527 -0.912377 1.075003 19.232265 -48.735625 -131.269109
0.915559 -0.916931 1.078876 18.812476 -47.831748 -132.140423
0.923019 -0.919772 1.078949 19.158542 -47.169055 -132.639567
0.929531 -0.918451 1.074780 19.469143 -48.070494 -132.833392
0.940267 -0.919221 1.074139 18.992969 -47.521830 -133.990404
0.945982 -0.921622 1.069246 19.818873 -47.528755 -133.563151
0.951822 -0.926489 1.066628 20.739096 -46.958538 -133.800570
0.951822 -0.926489 1.066628 20.739096 -46.958538 -133.800570
0.957451 -0.930837 1.062908 21.283803 -45.924955 -134.720700
0.955094 -0.923233 1.064652 21.012420 -45.020332 -135.953390
0.949007 -0.914983 1.067414 21.179410 -44.240444 -136.744343
0.953687 -0.915790 1.073622 20.874597 -43.568202 -138.399722
0.957833 -0.922368 1.073083 20.936236 -43.033483 -139.249698
0.961850 -0.930751 1.070942 21.586169 -42.643276 -139.460878
0.961850 -0.930751 1.070942 21.586169 -42.643276 -139.460878
0.964645 -0.929226 1.076498 20.751253 -42.045591 -142.433967
0.961727 -0.921715 1.078610 20.895611 -41.709161 -142.866724
0.957592 -0.920801 1.074607 20.565351 -41.551912 -144.012506
0.961344 -0.924167 1.075837 20.718838 -41.373319 -144.615299
0.961245 -0.930347 1.073836 21.480140 -41.020350 -144.773600
0.958532 -0.927214 1.074026 21.699938 -40.775906 -145.289524
0.956755 -0.924465 1.076079 22.223017 -40.906630 -145.269112
0.954775 -0.921249 1.075043 21.959421 -40.739082 -145.752895
0.955477 -0.919376 1.076413 21.004215 -40.478879 -146.865381
0.954957 -0.917462 1.077075 20.475880 -40.117943 -147.593321
0.952970 -0.915170 1.076609 20.523105 -39.694105 -147.800909
0.951332 -0.913321 1.076018 20.801343 -39.203806 -147.905642
0.949549 -0.910414 1.075843 20.850836 -38.751667 -147.872763
0.951482 -0.915140 1.077610 21.452123 -38.323883 -147.595355
0.949175 -0.911363 1.075338 22.040825 -37.888641 -147.393358
0.948872 -0.905707 1.075545 21.801556 -37.592591 -147.933780
0.951625 -0.900077 1.070414 22.224914 -37.554806 -147.667888
0.947706 -0.895330 1.067396 22.698891 -36.942871 -147.179299
0.950460 -0.900844 1.070776 23.240275 -36.364329 -146.789346
0.947358 -0.891755 1.072840 23.122365 -35.865854 -147.227528
0.944223 -0.885981 1.068704 23.427279 -35.550500 -146.882361
0.942402 -0.878026 1.070080 22.770070 -35.052179 -147.349863
0.937776 -0.868705 1.064749 22.859883 -34.704445 -147.061585
0.936741 -0.860754 1.060558 22.985570 -34.647357 -146.610499
0.933501 -0.853418 1.055839 23.209713 -34.406398 -146.230192
0.928005 -0.859895 1.047154 24.137358 -33.679504 -144.389717
0.921634 -0.854274 1.042722 24.275936 -33.291693 -144.120565
0.918034 -0.846387 1.037610 24.487730 -33.140372 -144.042058
0.909389 -0.848941 1.027606 24.976147 -32.489507 -142.959428
0.906874 -0.838947 1.024958 25.032936 -32.358390 -142.909505
0.911300 -0.830024 1.020254 25.221763 -33.187134 -142.952795
0.909623 -0.816183 1.015355 25.320502 -33.286317 -142.826250
0.904616 -0.807369 1.011133 25.460551 -33.099581 -142.658952
0.902454 -0.795995 1.010689 24.966119 -33.030135 -143.023396
0.897020 -0.782004 1.009642 24.381619 -32.885098 -143.334388
0.896129 -0.771913 1.004597 24.326569 -32.786476 -143.402377
0.895193 -0.761530 1.000096 24.428002 -32.723384 -143.716825
0.893510 -0.754136 1.000424 23.937369 -32.551329 -144.374109
0.892738 -0.735157 0.996931 23.856621 -32.652988 -144.444128
0.890697 -0.724268 0.994651 23.891262 -32.583442 -144.290577
0.854790 -0.745956 0.957451 27.865484 -29.142348 -136.688260
0.857249 -0.734629 0.959441 27.241783 -29.087030 -136.982678
0.846878 -0.735534 0.946560 27.730372 -28.295741 -135.714192
0.845921 -0.723748 0.942130 27.796902 -27.936355 -135.649596
0.842016 -0.712015 0.938787 27.855336 -27.482931 -135.535613
0.838688 -0.699705 0.935836 28.234276 -27.213131 -135.347743
0.838274 -0.681935 0.932635 28.074762 -26.953609 -135.199796
0.846773 -0.283623 0.846422 29.244590 -22.572472 -132.679861
0.845091 -0.268877 0.846795 29.239476 -22.879242 -132.668101
0.843909 -0.262976 0.836191 29.325164 -23.270890 -132.073249
0.841843 -0.252874 0.833716 28.814473 -23.205642 -132.134159
0.840498 -0.239071 0.832315 28.784629 -23.280361 -132.093515
0.838005 -0.229932 0.828767 28.833443 -23.592426 -131.767620
0.835240 -0.222274 0.822135 28.984181 -23.778075 -131.254151
0.831885 -0.211447 0.819032 28.861490 -23.733550 -131.236499
0.828660 -0.203437 0.816821 28.795510 -23.791880 -131.341323
0.828300 -0.195061 0.814682 28.663864 -24.086366 -131.500896
0.822398 -0.185305 0.816649 27.928714 -23.933928 -131.771311
0.818755 -0.178016 0.815287 27.560952 -24.055850 -131.612404
0.815228 -0.170621 0.814017 27.228761 -24.145581 -131.258989
0.812064 -0.163192 0.807952 27.134266 -24.255222 -130.601010
0.812064 -0.163192 0.807952 27.134266 -24.255222 -130.601010
0.812067 -0.154315 0.806469 26.554567 -24.652475 -130.272140
0.811043 -0.149449 0.803325 26.591737 -24.744265 -130.214273
0.809926 -0.145147 0.800902 26.798857 -24.959133 -130.110868
0.807034 -0.140857 0.798558 26.940143 -25.124232 -130.070607
0.805896 -0.137365 0.797574 26.667268 -25.358916 -130.095198
0.805355 -0.134277 0.797021 26.511907 -25.460233 -130.186978
0.805355 -0.134277 0.797021 26.511907 -25.460233 -130.186978
0.804201 -0.132962 0.795778 26.319655 -25.744463 -130.119305
0.804751 -0.134245 0.796238 26.275467 -25.794508 -130.245799
0.803902 -0.133494 0.796045 26.275467 -25.794508 -130.245799
0.803902 -0.133494 0.796045 26.275467 -25.794508 -130.245799
0.803945 -0.133884 0.796208 26.322434 -26.037632 -130.218026
0.803945 -0.133884 0.796208 26.322434 -26.037632 -130.218026
0.803945 -0.133884 0.796208 26.322434 -26.037632 -130.218026
0.803502 -0.132746 0.795670 26.365671 -26.089682 -130.046911
0.804015 -0.133746 0.795997 26.387502 -26.089510 -130.053928
0.804697 -0.131978 0.794644 26.535790 -26.078192 -130.100791
0.804697 -0.131978 0.794644 26.535790 -26.078192 -130.100791
0.805249 -0.134237 0.795927 26.440693 -25.841323 -130.177509
0.805249 -0.134237 0.795927 26.440693 -25.841323 -130.177509
0.806512 -0.136334 0.797643 26.420023 -25.853567 -130.333558
0.804899 -0.136403 0.795232 26.368852 -25.950202 -130.703814
0.804899 -0.136403 0.795232 26.368852 -25.950202 -130.703814
0.806163 -0.138707 0.796247 26.145057 -25.883093 -130.879308
0.806978 -0.142162 0.796380 25.921486 -25.855911 -130.918293
0.805602 -0.138595 0.794871 25.870625 -25.658174 -131.024914
0.806980 -0.141642 0.795321 26.021520 -25.562588 -131.042166
0.808653 -0.144269 0.795656 26.015900 -25.431781 -131.131258
0.810609 -0.147418 0.796531 25.928795 -25.345896 -131.234894
0.811931 -0.148956 0.798960 25.716231 -25.182863 -131.451180
0.810828 -0.146111 0.798640 25.626953 -25.167196 -131.472031
0.813487 -0.148972 0.798644 25.653970 -25.101358 -131.426003
0.815527 -0.151220 0.799563 25.653970 -25.101359 -131.426004
0.817269 -0.154910 0.801163 25.711616 -25.093979 -131.484985
0.815233 -0.152839 0.800397 25.713301 -25.085706 -131.605407
0.815785 -0.155845 0.801403 25.659574 -24.883706 -131.676596
0.815826 -0.159181 0.803305 25.675220 -24.802300 -131.720149
0.815826 -0.159181 0.803305 25.675220 -24.802300 -131.720149
0.816994 -0.162655 0.804307 25.949971 -24.771010 -131.669594
0.818936 -0.165416 0.806342 25.909658 -24.855772 -131.817786
0.822182 -0.169218 0.808923 25.920044 -24.932698 -131.901329
0.822686 -0.172994 0.811337 26.146800 -24.798060 -131.948066
0.824684 -0.172969 0.815528 26.145244 -24.998605 -132.319206
0.824684 -0.172969 0.815528 26.145244 -24.998605 -132.319206
0.824725 -0.177632 0.814179 26.202620 -24.731322 -131.961772
0.827611 -0.183784 0.815880 26.217474 -24.704649 -132.088616
0.827611 -0.183784 0.815880 26.217474 -24.704649 -132.088616
0.826843 -0.189034 0.816695 26.230133 -24.287278 -132.129108
0.827385 -0.194174 0.818970 26.238931 -24.146016 -132.205859
0.825961 -0.192570 0.826771 26.078619 -23.851179 -133.232439
0.829431 -0.196560 0.826066 26.060880 -24.053160 -133.202230
0.832364 -0.193632 0.830764 25.168325 -24.194896 -134.447900
0.835921 -0.199706 0.833625 25.296074 -24.107562 -134.623059
0.838308 -0.204827 0.834293 25.647623 -24.007384 -134.596286
0.841549 -0.210958 0.836519 25.872102 -24.009029 -134.576396
0.843149 -0.215894 0.838657 25.893472 -23.900613 -134.580267
0.843850 -0.220368 0.841652 25.885910 -23.718374 -134.682550
0.846316 -0.226891 0.846115 25.700422 -23.633746 -134.843929
0.849072 -0.232976 0.847898 25.416730 -23.668563 -134.807487
0.853656 -0.237147 0.853226 25.090890 -23.755821 -134.946274
0.855927 -0.247924 0.857154 24.977359 -23.746641 -134.684382
0.861583 -0.243492 0.863961 24.430848 -24.848250 -136.068003
0.863381 -0.252757 0.868954 24.244274 -25.243213 -136.080324
0.868100 -0.264040 0.877259 23.946587 -25.588379 -136.278515
0.874480 -0.261952 0.886431 22.867666 -26.289345 -137.543996
0.878764 -0.271240 0.892269 22.344563 -26.533158 -137.789747
0.892101 -0.265602 0.898949 21.602776 -28.101623 -139.194838
0.899000 -0.273298 0.905808 21.529294 -28.728006 -139.550506
0.895919 -0.281099 0.915606 21.252058 -28.915282 -140.090392
0.887240 -0.288159 0.929209 20.805664 -29.439540 -140.546770
0.887240 -0.288159 0.929209 20.805664 -29.439540 -140.546770
0.883361 -0.291208 0.942224 19.381171 -30.187853 -140.899884
0.868755 -0.293101 0.954269 19.061584 -29.813693 -141.325111
0.872022 -0.286898 0.941378 18.103384 -31.215630 -141.183087
0.866669 -0.290717 0.954363 17.348393 -32.190253 -141.347954
0.860752 -0.292017 0.972686 16.054103 -33.173690 -142.048298
0.848073 -0.286845 0.969844 15.021440 -35.170838 -141.807212
0.861935 -0.286254 0.968838 13.774656 -37.436419 -141.563121
0.847572 -0.287073 0.979380 12.452329 -36.984000 -142.130876
0.838599 -0.292143 0.987737 11.349449 -38.038292 -141.910095
0.827920 -0.284059 0.989839 9.738612 -40.314317 -141.376383
0.829432 -0.276841 0.973122 9.010985 -42.475338 -140.013718
0.820477 -0.269078 0.966636 8.763623 -44.965646 -138.502484
0.812918 -0.268642 0.978040 7.694213 -46.236263 -137.794078
0.801868 -0.257743 0.967971 7.904378 -48.701469 -135.834950
0.808713 -0.256322 0.955033 9.450717 -52.718799 -131.525267
0.797936 -0.255657 0.967083 8.409102 -53.903324 -130.206872
0.811556 -0.250405 0.985579 10.945065 -56.418801 -126.556427
0.793189 -0.245817 0.989785 10.922142 -58.421342 -123.114522
0.777963 -0.236604 0.978234 14.214335 -60.866964 -116.758787
0.754918 -0.256376 0.981676 20.290209 -60.264748 -108.423720
0.751042 -0.269726 0.962069 32.204720 -59.382428 -92.818022
0.750786 -0.293122 0.968490 36.743101 -56.808986 -87.137889
0.727538 -0.290563 0.991502 41.463699 -55.633567 -80.774473
0.726050 -0.285992 1.015473 40.685229 -55.185218 -80.273169
0.723447 -0.284620 1.039063 41.555532 -54.140845 -78.503848
0.714478 -0.276129 1.058790 44.276447 -52.811827 -74.807828
0.694835 -0.253139 1.061777 46.526509 -50.690244 -70.798989
0.691726 -0.242197 1.080340 47.363293 -48.978350 -69.509097
0.686388 -0.234724 1.099385 49.890475 -47.081210 -68.269463
0.673203 -0.229946 1.123074 51.200646 -45.238322 -67.679900
0.655759 -0.228565 1.112738 56.771219 -42.620878 -64.142136
0.660772 -0.234902 1.131148 57.303669 -41.479282 -64.672054
0.657571 -0.240888 1.156032 57.099676 -40.068062 -65.071788
0.651926 -0.241151 1.174485 55.951896 -38.779475 -66.668480
0.653584 -0.243106 1.200634 56.972712 -37.698287 -66.875799
0.650020 -0.249907 1.218863 57.627797 -36.453522 -68.225584
