1305031102.1758 1.3405 0.6266 1.6575 -0.6574 -0.6126 0.2949 0.3248
1305031102.2159 1.3478 0.6305 1.6702 -0.6560 -0.6165 0.2930 0.3220
1305031102.2458 1.3398 0.6333 1.6634 -0.6573 -0.6195 0.2912 0.3153
1305031102.2758 1.3471 0.6267 1.6677 -0.6583 -0.6221 0.2904 0.3087
1305031102.3158 1.3347 0.6272 1.6610 -0.6600 -0.6234 0.2885 0.3041
1305031102.3458 1.3284 0.6309 1.6530 -0.6604 -0.6237 0.2902 0.3012
1305031102.3758 1.3367 0.6341 1.6584 -0.6609 -0.6242 0.2891 0.3000
1305031102.4159 1.3261 0.6337 1.6489 -0.6612 -0.6257 0.2886 0.2966
1305031102.4458 1.3277 0.6422 1.6554 -0.6617 -0.6284 0.2867 0.2915
1305031102.4758 1.3189 0.6438 1.6488 -0.6635 -0.6310 0.2832 0.2852
1305031102.5159 1.3079 0.6458 1.6391 -0.6637 -0.6338 0.2787 0.2831
1305031102.5459 1.2985 0.6462 1.6339 -0.6650 -0.6360 0.2725 0.2810
1305031102.5759 1.2890 0.6501 1.6316 -0.6649 -0.6382 0.2699 0.2789
1305031102.6159 1.2770 0.6562 1.6274 -0.6671 -0.6359 0.2704 0.2785
1305031102.6458 1.2858 0.6592 1.6333 -0.6678 -0.6352 0.2695 0.2792
1305031102.6759 1.2776 0.6591 1.6254 -0.6692 -0.6345 0.2704 0.2767
1305031102.7159 1.2635 0.6642 1.6208 -0.6721 -0.6331 0.2700 0.2730
1305031102.7458 1.2591 0.6675 1.6098 -0.6747 -0.6306 0.2721 0.2704
1305031102.7758 1.2499 0.6700 1.6029 -0.6750 -0.6324 0.2679 0.2697
1305031102.8159 1.2491 0.6688 1.5872 -0.6733 -0.6327 0.2661 0.2750
1305031102.8458 1.2401 0.6754 1.5897 -0.6747 -0.6387 0.2603 0.2629
1305031102.8758 1.2323 0.6744 1.5823 -0.6758 -0.6376 0.2578 0.2650
1305031102.9159 1.2249 0.6767 1.5704 -0.6765 -0.6367 0.2583 0.2649
1305031102.9458 1.2189 0.6763 1.5620 -0.6753 -0.6374 0.2584 0.2663
1305031102.9759 1.2127 0.6734 1.5539 -0.6734 -0.6396 0.2624 0.2621
1305031103.0159 1.2031 0.6752 1.5446 -0.6733 -0.6401 0.2672 0.2560
1305031103.0458 1.1938 0.6760 1.5416 0.6720 0.6439 -0.2688 -0.2481
1305031103.0758 1.1986 0.6753 1.5342 0.6688 0.6380 -0.2807 -0.2586
1305031103.1158 1.2015 0.6801 1.5238 0.6690 0.6345 -0.2881 -0.2586
1305031103.1459 1.1969 0.6806 1.5165 0.6695 0.6342 -0.2887 -0.2573
1305031103.1758 1.1999 0.6873 1.5206 0.6699 0.6348 -0.2871 -0.2565
1305031103.2158 1.1985 0.6895 1.5099 0.6727 0.6342 -0.2870 -0.2510
1305031103.2458 1.1925 0.6895 1.5057 0.6771 0.6338 -0.2820 -0.2455
1305031103.2758 1.1949 0.6867 1.5013 0.6825 0.6177 -0.2925 -0.2590
1305031103.3158 1.1929 0.6860 1.4972 0.6832 0.6174 -0.2977 -0.2519
1305031103.3459 1.1934 0.6859 1.4986 0.6802 0.6222 -0.2953 -0.2510
1305031103.3759 1.1926 0.6865 1.4981 0.6821 0.6222 -0.2940 -0.2473
1305031103.4158 1.1926 0.6865 1.4981 0.6821 0.6222 -0.2940 -0.2473
1305031103.4458 1.1900 0.6871 1.4950 0.6815 0.6227 -0.2953 -0.2461
1305031103.4759 1.1863 0.6897 1.4923 0.6793 0.6241 -0.2976 -0.2460
1305031103.5160 1.1925 0.6856 1.4985 0.6754 0.6257 -0.2991 -0.2507
1305031103.5458 1.1863 0.6826 1.4938 0.6708 0.6266 -0.3040 -0.2549
1305031103.5759 1.1865 0.6791 1.5021 0.6746 0.6248 -0.3002 -0.2538
1305031103.6159 1.1883 0.6776 1.5152 0.6757 0.6237 -0.3027 -0.2506
1305031103.6458 1.1956 0.6801 1.5223 0.6747 0.6223 -0.3098 -0.2480
1305031103.6758 1.2048 0.6814 1.5285 0.6722 0.6218 -0.3157 -0.2489
1305031103.7158 1.2184 0.6857 1.5340 0.6695 0.6216 -0.3204 -0.2505
1305031103.7458 1.2240 0.6814 1.5444 0.6678 0.6226 -0.3172 -0.2566
1305031103.7758 1.2189 0.6784 1.5552 0.6719 0.6280 -0.3019 -0.2508
1305031103.8159 1.2330 0.6796 1.5647 0.6693 0.6304 -0.3012 -0.2529
1305031103.8458 1.2352 0.6795 1.5766 0.6728 0.6321 -0.2954 -0.2461
1305031103.8758 1.2286 0.6693 1.5724 0.6697 0.6376 -0.2941 -0.2418
1305031103.9158 1.2407 0.6700 1.5858 0.6659 0.6397 -0.2970 -0.2434
1305031103.9458 1.2399 0.6734 1.5988 0.6642 0.6439 -0.2962 -0.2377
1305031103.9758 1.2503 0.6742 1.6086 0.6603 0.6456 -0.2994 -0.2400
1305031104.0158 1.2623 0.6765 1.6223 0.6549 0.6478 -0.3018 -0.2457
1305031104.0458 1.2575 0.6778 1.6350 0.6562 0.6519 -0.2931 -0.2420
1305031104.0759 1.2671 0.6714 1.6414 0.6533 0.6516 -0.2883 -0.2561
1305031104.1158 1.2779 0.6770 1.6535 0.6513 0.6510 -0.2878 -0.2631
1305031104.1458 1.2863 0.6767 1.6627 0.6486 0.6503 -0.2856 -0.2736
1305031104.1758 1.2819 0.6795 1.6740 0.6504 0.6515 -0.2819 -0.2703
1305031104.2159 1.2906 0.6721 1.6858 0.6495 0.6501 -0.2802 -0.2774
1305031104.2458 1.2991 0.6717 1.6936 -0.6485 -0.6479 0.2826 0.2824
1305031104.2759 1.3093 0.6692 1.6976 -0.6474 -0.6453 0.2839 0.2896
1305031104.3158 1.3038 0.6727 1.6849 -0.6480 -0.6436 0.2817 0.2942
1305031104.3460 1.3124 0.6696 1.6885 -0.6476 -0.6409 0.2811 0.3015
1305031104.3758 1.3190 0.6683 1.6949 -0.6486 -0.6385 0.2792 0.3062
1305031104.4158 1.3238 0.6600 1.6875 -0.6500 -0.6292 0.2802 0.3212
1305031104.4458 1.3296 0.6575 1.6936 -0.6514 -0.6274 0.2809 0.3212
1305031104.4758 1.3296 0.6575 1.6936 -0.6514 -0.6274 0.2809 0.3212
1305031104.5158 1.3185 0.6572 1.6899 -0.6509 -0.6269 0.2839 0.3206
1305031104.5458 1.3192 0.6554 1.6992 -0.6499 -0.6269 0.2854 0.3211
1305031104.5758 1.3251 0.6597 1.7045 -0.6491 -0.6244 0.2901 0.3234
1305031104.6159 1.3346 0.6685 1.7002 -0.6480 -0.6199 0.2917 0.3326
1305031104.6458 1.3442 0.6669 1.7030 -0.6449 -0.6136 0.2948 0.3474
1305031104.6759 1.3529 0.6635 1.7052 -0.6430 -0.6057 0.2970 0.3626
1305031104.7158 1.3634 0.6590 1.7092 -0.6431 -0.5953 0.3016 0.3757
1305031104.7458 1.3691 0.6540 1.7135 -0.6407 -0.5880 0.3023 0.3903
1305031104.7758 1.3758 0.6567 1.7164 -0.6383 -0.5805 0.3060 0.4024
1305031104.8158 1.3823 0.6527 1.7204 -0.6385 -0.5720 0.3067 0.4135
1305031104.8458 1.3826 0.6572 1.7220 -0.6374 -0.5688 0.3105 0.4168
1305031104.8758 1.3826 0.6572 1.7220 -0.6374 -0.5688 0.3105 0.4168
1305031104.9158 1.3815 0.6573 1.7199 -0.6371 -0.5685 0.3097 0.4183
1305031104.9458 1.3818 0.6595 1.7201 -0.6371 -0.5685 0.3097 0.4183
1305031104.9759 1.3784 0.6601 1.7192 -0.6374 -0.5688 0.3095 0.4175
1305031105.0158 1.3719 0.6591 1.7147 -0.6392 -0.5714 0.3059 0.4140
1305031105.0458 1.3645 0.6588 1.7127 -0.6399 -0.5753 0.3016 0.4107
1305031105.0758 1.3662 0.6675 1.7111 -0.6426 -0.5780 0.2977 0.4055
1305031105.1158 1.3537 0.6685 1.7060 -0.6433 -0.5828 0.2932 0.4007
1305031105.1458 1.3537 0.6685 1.7060 -0.6433 -0.5828 0.2932 0.4007
1305031105.1758 1.3430 0.6725 1.7005 -0.6466 -0.5897 0.2863 0.3901
1305031105.2159 1.3276 0.6759 1.6927 -0.6501 -0.5958 0.2813 0.3785
1305031105.2458 1.3279 0.6780 1.6794 -0.6499 -0.5980 0.2859 0.3719
1305031105.2758 1.3314 0.6792 1.6661 -0.6469 -0.5968 0.2978 0.3698
1305031105.3158 1.3358 0.6843 1.6502 -0.6453 -0.6020 0.3004 0.3620
1305031105.3458 1.3238 0.6833 1.6464 -0.6460 -0.6080 0.2980 0.3525
1305031105.3758 1.3157 0.6855 1.6375 -0.6482 -0.6084 0.3021 0.3442
1305031105.4158 1.3173 0.7024 1.6364 -0.6487 -0.6119 0.2993 0.3395
1305031105.4458 1.3060 0.7046 1.6324 -0.6539 -0.6135 0.2975 0.3280
1305031105.4761 1.2978 0.7044 1.6234 -0.6532 -0.6162 0.2979 0.3238
1305031105.5158 1.2967 0.7147 1.6108 -0.6489 -0.6185 0.3079 0.3186
1305031105.5459 1.2848 0.7139 1.6072 -0.6533 -0.6183 0.3040 0.3139
1305031105.5758 1.2791 0.7098 1.5970 -0.6543 -0.6158 0.3030 0.3177
1305031105.6158 1.2738 0.7098 1.5813 -0.6530 -0.6169 0.3024 0.3188
1305031105.6458 1.2647 0.7078 1.5721 -0.6539 -0.6155 0.3025 0.3195
1305031105.6759 1.2601 0.7090 1.5600 -0.6535 -0.6148 0.3039 0.3204
1305031105.7158 1.2450 0.7094 1.5518 -0.6541 -0.6145 0.3013 0.3221
1305031105.7459 1.2458 0.7229 1.5519 -0.6541 -0.6145 0.3013 0.3221
1305031105.7758 1.2413 0.7354 1.5511 -0.6520 -0.6182 0.3037 0.3170
1305031105.8158 1.2258 0.7334 1.5425 -0.6537 -0.6163 0.3002 0.3204
1305031105.8458 1.2258 0.7334 1.5425 -0.6537 -0.6163 0.3002 0.3204
1305031105.8758 1.2199 0.7313 1.5308 -0.6545 -0.6150 0.2955 0.3257
1305031105.9159 1.2040 0.7317 1.5250 -0.6643 -0.6087 0.2899 0.3227
1305031105.9458 1.1947 0.7334 1.5169 -0.6699 -0.6054 0.2873 0.3197
1305031105.9758 1.1868 0.7354 1.5078 -0.6721 -0.6064 0.2834 0.3166
1305031106.0158 1.1735 0.7399 1.5007 -0.6764 -0.6063 0.2792 0.3113
1305031106.0458 1.1682 0.7411 1.4906 -0.6780 -0.6068 0.2754 0.3101
1305031106.0758 1.1749 0.7364 1.4981 -0.6836 -0.6044 0.2737 0.3041
1305031106.1158 1.1702 0.7494 1.4933 -0.6858 -0.6063 0.2709 0.2978
1305031106.1458 1.1607 0.7495 1.4891 -0.6898 -0.6083 0.2658 0.2889
1305031106.1758 1.1582 0.7486 1.4809 -0.6917 -0.6069 0.2669 0.2864
1305031106.2158 1.1549 0.7417 1.4730 -0.6933 -0.6042 0.2659 0.2890
1305031106.2458 1.1539 0.7359 1.4689 -0.6941 -0.6021 0.2653 0.2921
1305031106.2758 1.1551 0.7319 1.4630 -0.6936 -0.6021 0.2650 0.2936
1305031106.3158 1.1489 0.7314 1.4582 -0.6975 -0.6012 0.2643 0.2867
1305031106.3458 1.1518 0.7300 1.4614 -0.6995 -0.6028 0.2620 0.2806
1305031106.3758 1.1503 0.7311 1.4633 -0.6938 -0.6254 0.2421 0.2625
1305031106.4158 1.1500 0.7308 1.4628 -0.6936 -0.6267 0.2346 0.2667
1305031106.4458 1.1479 0.7324 1.4615 -0.6931 -0.6273 0.2334 0.2676
1305031106.4758 1.1470 0.7359 1.4639 -0.6911 -0.6307 0.2356 0.2627
1305031106.5159 1.1535 0.7330 1.4697 -0.6894 -0.6311 0.2399 0.2624
1305031106.5458 1.1512 0.7301 1.4622 -0.6878 -0.6317 0.2459 0.2596
1305031106.5758 1.1492 0.7259 1.4538 -0.6867 -0.6323 0.2492 0.2580
1305031106.6158 1.1566 0.7250 1.4651 -0.6833 -0.6367 0.2493 0.2560
1305031106.6458 1.1617 0.7147 1.4666 -0.6833 -0.6327 0.2441 0.2704
1305031106.6758 1.1691 0.7079 1.4741 -0.6815 -0.6333 0.2452 0.2726
1305031106.7158 1.1795 0.7091 1.4873 -0.6801 -0.6358 0.2491 0.2666
1305031106.7458 1.1870 0.7078 1.4983 -0.6776 -0.6385 0.2540 0.2621
1305031106.7758 1.1925 0.7204 1.4999 -0.6753 -0.6404 0.2594 0.2579
1305031106.8158 1.2049 0.7147 1.5130 -0.6745 -0.6418 0.2596 0.2565
1305031106.8458 1.2068 0.7256 1.5233 0.6742 0.6427 -0.2652 -0.2490
1305031106.8760 1.2140 0.7287 1.5370 0.6715 0.6434 -0.2703 -0.2491
1305031106.9158 1.2270 0.7310 1.5536 0.6671 0.6471 -0.2702 -0.2514
1305031106.9458 1.2342 0.7330 1.5676 0.6657 0.6483 -0.2704 -0.2519
1305031106.9758 1.2458 0.7353 1.5794 0.6610 0.6484 -0.2745 -0.2594
1305031107.0158 1.2423 0.7331 1.5998 0.6629 0.6492 -0.2691 -0.2584
1305031107.0458 1.2444 0.7402 1.6131 0.6638 0.6501 -0.2669 -0.2559
1305031107.0759 1.2502 0.7401 1.6271 0.6634 0.6490 -0.2684 -0.2582
1305031107.1158 1.2682 0.7346 1.6269 0.6569 0.6501 -0.2721 -0.2678
1305031107.1458 1.2782 0.7340 1.6360 0.6571 0.6488 -0.2733 -0.2694
1305031107.1758 1.2724 0.7433 1.6430 0.6595 0.6476 -0.2749 -0.2648
1305031107.2158 1.2839 0.7497 1.6545 0.6576 0.6453 -0.2791 -0.2707
1305031107.2458 1.2918 0.7515 1.6628 -0.6570 -0.6426 0.2814 0.2761
1305031107.2758 1.2909 0.7564 1.6737 -0.6595 -0.6416 0.2806 0.2731
1305031107.3158 1.3047 0.7557 1.6676 -0.6606 -0.6338 0.2871 0.2818
1305031107.3458 1.3043 0.7639 1.6612 0.6423 0.6380 -0.3042 -0.2964
1305031107.3758 1.3120 0.7619 1.6566 -0.6393 -0.6319 0.3082 0.3115
1305031107.4158 1.3191 0.7611 1.6498 -0.6367 -0.6234 0.3161 0.3256
1305031107.4458 1.3218 0.7582 1.6531 -0.6380 -0.6193 0.3140 0.3329
1305031107.4758 1.3235 0.7612 1.6496 -0.6258 -0.6170 0.3312 0.3435
1305031107.5158 1.3278 0.7625 1.6525 -0.6269 -0.6156 0.3290 0.3460
1305031107.5457 1.3244 0.7624 1.6515 -0.6288 -0.6154 0.3261 0.3458
1305031107.5758 1.3227 0.7605 1.6496 -0.6310 -0.6128 0.3233 0.3490
1305031107.6158 1.3226 0.7640 1.6509 -0.6300 -0.6161 0.3257 0.3426
1305031107.6458 1.3201 0.7645 1.6513 -0.6317 -0.6159 0.3237 0.3418
1305031107.6758 1.3179 0.7651 1.6500 -0.6320 -0.6162 0.3228 0.3415
1305031107.7157 1.3151 0.7670 1.6483 -0.6308 -0.6179 0.3222 0.3413
1305031107.7458 1.3151 0.7670 1.6483 -0.6308 -0.6179 0.3222 0.3413
1305031107.7758 1.3138 0.7689 1.6467 -0.6273 -0.6221 0.3242 0.3382
1305031107.8158 1.3109 0.7686 1.6457 -0.6271 -0.6241 0.3237 0.3353
1305031107.8459 1.3102 0.7679 1.6476 -0.6363 -0.6300 0.3041 0.3252
1305031107.8757 1.3101 0.7699 1.6482 -0.6362 -0.6304 0.3013 0.3273
1305031107.9158 1.3101 0.7699 1.6482 -0.6362 -0.6304 0.3013 0.3273
1305031107.9458 1.3065 0.7700 1.6453 -0.6353 -0.6301 0.2978 0.3325
1305031107.9758 1.3065 0.7700 1.6453 -0.6353 -0.6301 0.2978 0.3325
1305031108.0159 1.3135 0.7633 1.6486 -0.6360 -0.6271 0.2951 0.3394
1305031108.0458 1.3055 0.7613 1.6540 -0.6430 -0.6302 0.2732 0.3388
1305031108.0758 1.3146 0.7626 1.6595 -0.6485 -0.6232 0.2656 0.3471
1305031108.1158 1.3016 0.7671 1.6549 -0.6517 -0.6181 0.2616 0.3532
1305031108.1459 1.3128 0.7691 1.6581 -0.6518 -0.6164 0.2594 0.3578
1305031108.1758 1.3206 0.7709 1.6669 -0.6560 -0.6121 0.2543 0.3611
1305031108.2158 1.3121 0.7801 1.6568 -0.6569 -0.6133 0.2500 0.3603
1305031108.2458 1.3121 0.7801 1.6568 -0.6569 -0.6133 0.2500 0.3603
1305031108.2758 1.3158 0.7899 1.6516 -0.6539 -0.6115 0.2573 0.3637
1305031108.3157 1.3286 0.7908 1.6598 -0.6559 -0.6124 0.2503 0.3634
1305031108.3458 1.3383 0.7867 1.6639 -0.6596 -0.6128 0.2464 0.3586
1305031108.3758 1.3377 0.7977 1.6616 -0.6618 -0.6141 0.2481 0.3510
1305031108.4157 1.3500 0.7900 1.6653 -0.6667 -0.6131 0.2457 0.3454
1305031108.4459 1.3424 0.7815 1.6654 -0.6758 -0.6075 0.2379 0.3429
1305031108.4758 1.3399 0.7874 1.6560 -0.6792 -0.6031 0.2396 0.3429
1305031108.5158 1.3296 0.7908 1.6453 -0.6819 -0.5988 0.2346 0.3485
1305031108.5458 1.3296 0.7908 1.6453 -0.6819 -0.5988 0.2346 0.3485
1305031108.5759 1.3191 0.7856 1.6448 -0.6819 -0.5956 0.2292 0.3573
1305031108.6157 1.3222 0.8009 1.6467 -0.6842 -0.5926 0.2245 0.3610
1305031108.6457 1.3315 0.8061 1.6507 -0.6887 -0.5863 0.2192 0.3658
1305031108.6757 1.3414 0.8101 1.6549 -0.6962 -0.5780 0.2146 0.3677
1305031108.7158 1.3309 0.8161 1.6481 -0.7034 -0.5718 0.2067 0.3682
1305031108.7458 1.3250 0.8212 1.6423 -0.7046 -0.5694 0.2012 0.3726
1305031108.7758 1.3179 0.8245 1.6391 -0.7074 -0.5658 0.1963 0.3755
1305031108.8159 1.3241 0.8235 1.6461 -0.7125 -0.5598 0.1948 0.3756
